1 ENSGALT00000098984 1 9774 NA 10061 NA 9774 10061 NA NA -1
2 ENSGALT00000098984 1 9314 NA 9364 NA 9314 9364 NA NA -1
3 ENSGALT00000098984 1 8674 529 8904 570 8716 8904 NA NA -1
4 ENSGALT00000098984 1 6755 571 6829 645 NA NA NA NA -1
5 ENSGALT00000098984 1 5273 646 5524 897 NA NA NA NA -1
6 ENSGALT00000097423 1 6755 987 6829 1061 NA NA NA NA -1
7 ENSGALT00000097423 1 8674 945 9659 986 8716 9659 NA NA -1
8 ENSGALT00000097423 1 5273 1062 5524 1313 NA NA NA NA -1
9 ENSGALT00000102920 1 6755 103 6829 177 NA NA NA NA -1
10 ENSGALT00000102920 1 8674 61 8775 102 8716 8775 NA NA -1
11 ENSGALT00000102920 1 5536 178 5952 594 NA NA NA NA -1
12 ENSGALT00000107923 1 9441 414 10053 613 9441 9853 NA NA 1
13 ENSGALT00000107923 1 10256 614 14305 1922 NA NA 11565 14305 1
14 ENSGALT00000104861 1 9681 NA 9683 NA 9681 9683 NA NA 1
15 ENSGALT00000104861 1 9768 121 10070 306 9768 9884 NA NA 1
16 ENSGALT00000104861 1 10182 307 14305 1689 NA NA 11565 14305 1
17 ENSGALT00000085567 1 27209 115 27503 295 27209 27322 NA NA 1
18 ENSGALT00000085567 1 32230 296 32331 397 NA NA NA NA 1
19 ENSGALT00000085567 1 32540 398 32721 579 NA NA NA NA 1
20 ENSGALT00000085567 1 33081 580 33187 686 NA NA NA NA 1
21 ENSGALT00000085567 1 33287 687 33555 828 NA NA 33429 33555 1
22 ENSGALT00000075758 1 31439 NA 31484 NA 31439 31484 NA NA 1
23 ENSGALT00000075758 1 32230 NA 32331 NA 32230 32331 NA NA 1
24 ENSGALT00000075758 1 53984 155 54090 255 53984 53989 NA NA 1
25 ENSGALT00000075758 1 54190 256 54263 329 NA NA NA NA 1
26 ENSGALT00000075758 1 242817 330 243537 568 NA NA 243056 243537 1
27 ENSGALT00000087980 1 41658 1 42408 751 NA NA NA NA -1
28 ENSGALT00000087980 1 40823 752 40924 853 NA NA NA NA -1
29 ENSGALT00000087980 1 40433 854 40614 1035 NA NA NA NA -1
30 ENSGALT00000087980 1 39967 1036 40073 1142 NA NA NA NA -1
31 ENSGALT00000087980 1 39057 1143 39867 1284 NA NA 39057 39725 -1
32 ENSGALT00000052586 1 41658 1 42408 751 NA NA NA NA -1
33 ENSGALT00000052586 1 40433 752 40924 1243 NA NA NA NA -1
34 ENSGALT00000052586 1 39967 1244 40073 1350 NA NA NA NA -1
35 ENSGALT00000052586 1 39080 1351 39867 1356 NA NA 39080 39861 -1
36 ENSGALT00000094382 1 58427 NA 58617 NA NA NA NA NA 1
37 ENSGALT00000092780 1 63264 NA 63454 NA NA NA NA NA 1
38 ENSGALT00000078711 1 71496 26 71633 138 71609 71633 NA NA -1
39 ENSGALT00000078711 1 70830 139 71007 316 NA NA NA NA -1
40 ENSGALT00000078711 1 70195 317 70296 418 NA NA NA NA -1
41 ENSGALT00000078711 1 70047 419 70117 489 NA NA NA NA -1
42 ENSGALT00000078711 1 69892 490 69943 541 NA NA NA NA -1
43 ENSGALT00000078711 1 69473 542 69607 676 NA NA NA NA -1
44 ENSGALT00000078711 1 68999 677 69054 732 NA NA NA NA -1
45 ENSGALT00000078711 1 68200 733 68901 847 NA NA 68200 68786 -1
46 ENSGALT00000078781 1 75379 1 75478 100 NA NA NA NA 1
47 ENSGALT00000078781 1 75708 101 75778 171 NA NA NA NA 1
48 ENSGALT00000078781 1 76342 172 76415 245 NA NA NA NA 1
49 ENSGALT00000078781 1 76720 246 76795 321 NA NA NA NA 1
50 ENSGALT00000078781 1 77260 322 77348 410 NA NA NA NA 1
51 ENSGALT00000078781 1 78417 411 78511 505 NA NA NA NA 1
52 ENSGALT00000078781 1 78932 506 79018 592 NA NA NA NA 1
53 ENSGALT00000078781 1 79671 593 79780 702 NA NA NA NA 1
54 ENSGALT00000078781 1 80165 703 80242 780 NA NA NA NA 1
55 ENSGALT00000078781 1 80317 781 80393 857 NA NA NA NA 1
56 ENSGALT00000078781 1 80958 858 81062 962 NA NA NA NA 1
57 ENSGALT00000078781 1 81142 963 81211 1032 NA NA NA NA 1
58 ENSGALT00000078781 1 81311 1033 81392 1114 NA NA NA NA 1
59 ENSGALT00000078781 1 81475 1115 81571 1211 NA NA NA NA 1
60 ENSGALT00000078781 1 81854 1212 81908 1266 NA NA NA NA 1
61 ENSGALT00000078781 1 82004 1267 82176 1439 NA NA NA NA 1
62 ENSGALT00000078781 1 82249 1440 82317 1508 NA NA NA NA 1
63 ENSGALT00000078781 1 82941 1509 83034 1602 NA NA NA NA 1
64 ENSGALT00000078781 1 83109 1603 83207 1701 NA NA NA NA 1
65 ENSGALT00000078781 1 83733 1702 83855 1824 NA NA NA NA 1
66 ENSGALT00000078781 1 86477 1825 86590 1938 NA NA NA NA 1
67 ENSGALT00000078781 1 86943 1939 87124 2120 NA NA NA NA 1
68 ENSGALT00000078781 1 87752 2121 87839 2208 NA NA NA NA 1
69 ENSGALT00000078781 1 88195 2209 88275 2289 NA NA NA NA 1
70 ENSGALT00000078781 1 88596 2290 88662 2356 NA NA NA NA 1
71 ENSGALT00000078781 1 88751 2357 88821 2427 NA NA NA NA 1
72 ENSGALT00000078781 1 89283 2428 89344 2489 NA NA NA NA 1
73 ENSGALT00000078781 1 89686 2490 89750 2554 NA NA NA NA 1
74 ENSGALT00000078781 1 89899 2555 89969 2625 NA NA NA NA 1
75 ENSGALT00000078781 1 90293 2626 90397 2730 NA NA NA NA 1
76 ENSGALT00000078781 1 90468 2731 90530 2793 NA NA NA NA 1
