1 ENST00000486478 1 59987269 60073770 -1
2 ENST00000450089 1 59987269 60073770 -1
3 ENST00000371201 1 59987269 60073770 -1
4 ENST00000488027 1 59987269 60073770 -1
5 ENST00000491817 1 59987269 60073770 -1
6 ENST00000412993 1 60097415 60097976 1
7 ENST00000456878 1 60114875 60149784 1
8 ENST00000659925 1 60114875 60149784 1
9 ENST00000634836 1 60515716 60640507 -1
10 ENST00000635048 1 60515716 60640507 -1
11 ENST00000635616 1 60515716 60640507 -1
12 ENST00000439156 1 60515716 60640507 -1
13 ENST00000634281 1 60515716 60640507 -1
14 ENST00000662065 1 60515716 60640507 -1
15 ENST00000671035 1 60515716 60640507 -1
16 ENST00000663215 1 60515716 60640507 -1
17 ENST00000656757 1 60515716 60640507 -1
18 ENST00000654935 1 60515716 60640507 -1
19 ENST00000665573 1 60515716 60640507 -1
20 ENST00000673767 1 60515716 60640507 -1
21 ENST00000660992 1 60515716 60640507 -1
22 ENST00000661176 1 60515716 60640507 -1
23 ENST00000661045 1 60515716 60640507 -1
24 ENST00000668738 1 60515716 60640507 -1
25 ENST00000662037 1 60515716 60640507 -1
26 ENST00000654255 1 60515716 60640507 -1
27 ENST00000671019 1 60515716 60640507 -1
28 ENST00000668078 1 60515716 60640507 -1
29 ENST00000666208 1 60515716 60640507 -1
30 ENST00000661790 1 60515716 60640507 -1
31 ENST00000668888 1 60515716 60640507 -1
32 ENST00000657534 1 60515716 60640507 -1
33 ENST00000660110 1 60515716 60640507 -1
34 ENST00000662596 1 60515716 60640507 -1
35 ENST00000670448 1 60515716 60640507 -1
36 ENST00000423403 1 60659631 60868009 -1
37 ENST00000635290 1 60659631 60868009 -1
38 ENST00000634701 1 60659631 60868009 -1
39 ENST00000665290 1 60659631 60868009 -1
40 ENST00000667362 1 60659631 60868009 -1
41 ENST00000667862 1 60659631 60868009 -1
42 ENST00000665662 1 60659631 60868009 -1
43 ENST00000663928 1 60659631 60868009 -1
44 ENST00000371191 1 60865259 61462788 1
45 ENST00000664495 1 60865259 61462788 1
46 ENST00000476646 1 60865259 61462788 1
47 ENST00000407417 1 60865259 61462788 1
48 ENST00000479364 1 60865259 61462788 1
49 ENST00000371189 1 60865259 61462788 1
50 ENST00000664149 1 60865259 61462788 1
51 ENST00000670151 1 60865259 61462788 1
52 ENST00000662015 1 60865259 61462788 1
53 ENST00000403491 1 60865259 61462788 1
54 ENST00000371187 1 60865259 61462788 1
55 ENST00000485903 1 60865259 61462788 1
56 ENST00000371185 1 60865259 61462788 1
57 ENST00000371184 1 60865259 61462788 1
58 ENST00000603233 1 60865259 61462788 1
59 ENST00000496712 1 60865259 61462788 1
60 ENST00000663597 1 60865259 61462788 1
61 ENST00000657234 1 60865259 61462788 1
62 ENST00000655770 1 60865259 61462788 1
63 ENST00000482020 1 60865259 61462788 1
64 ENST00000357977 1 60865259 61462788 1
65 ENST00000493627 1 60865259 61462788 1
66 ENST00000438559 1 60912675 61056885 -1
67 ENST00000418662 1 60912675 61056885 -1
68 ENST00000665665 1 60912675 61056885 -1
69 ENST00000655960 1 60912675 61056885 -1
70 ENST00000421455 1 60912675 61056885 -1
71 ENST00000442027 1 61248945 61253510 -1
72 ENST00000617929 1 61248945 61253510 -1
73 ENST00000626805 1 61248945 61253510 -1
74 ENST00000596354 1 61248945 61253510 -1
75 ENST00000596404 1 61248945 61253510 -1
76 ENST00000630199 1 61248945 61253510 -1
77 ENST00000630993 1 61248945 61253510 -1
78 ENST00000647399 1 61481087 61533271 1
79 ENST00000659508 1 61588049 61589904 -1
80 ENST00000416440 1 61654194 61654908 1
81 ENST00000606498 1 61681046 61725423 -1
82 ENST00000472357 1 61681046 61725423 -1
83 ENST00000371180 1 61681046 61725423 -1
84 ENST00000488206 1 61681046 61725423 -1
85 ENST00000472989 1 61681046 61725423 -1
86 ENST00000488410 1 61681046 61725423 -1
87 ENST00000468586 1 61681046 61725423 -1
88 ENST00000371178 1 61681046 61725423 -1
89 ENST00000494926 1 61681046 61725423 -1
90 ENST00000496465 1 61681046 61725423 -1
91 ENST00000371177 1 61681046 61725423 -1
92 ENST00000294613 1 61681046 61725423 -1
93 ENST00000605725 1 61741998 61742424 -1
94 ENST00000642238 1 61742477 62178675 1
95 ENST00000635214 1 61742477 62178675 1
96 ENST00000459752 1 61742477 62178675 1
97 ENST00000484562 1 61742477 62178675 1
98 ENST00000371158 1 61742477 62178675 1
99 ENST00000635023 1 61742477 62178675 1
100 ENST00000484937 1 61742477 62178675 1
101 ENST00000488913 1 61742477 62178675 1
102 ENST00000493967 1 61742477 62178675 1
103 ENST00000494842 1 61742477 62178675 1
104 ENST00000490547 1 61742477 62178675 1
105 ENST00000646453 1 61742477 62178675 1
106 ENST00000635137 1 61742477 62178675 1
107 ENST00000307297 1 61742477 62178675 1
108 ENST00000465798 1 61742477 62178675 1
109 ENST00000472512 1 61742477 62178675 1
110 ENST00000613764 1 61742477 62178675 1
111 ENST00000316485 1 61742477 62178675 1
112 ENST00000363705 1 61816419 61816522 1
113 ENST00000391058 1 61852499 61852602 1
114 ENST00000444290 1 62038842 62039111 1
115 ENST00000466769 1 62072448 62072741 1
116 ENST00000584654 1 62078786 62078859 1
117 ENST00000636415 1 62078789 62078856 -1
118 ENST00000411569 1 62189131 62189953 1
119 ENST00000439294 1 62190522 62190926 1
120 ENST00000498273 1 62194849 62212328 1
121 ENST00000450606 1 62208136 62208442 -1
122 ENST00000363304 1 62211557 62211666 1
123 ENST00000317477 1 62236165 62319434 -1
124 ENST00000371153 1 62236165 62319434 -1
125 ENST00000371150 1 62236165 62319434 -1
126 ENST00000354381 1 62236165 62319434 -1
127 ENST00000364283 1 62298149 62298256 -1
128 ENST00000452143 1 62436297 62451804 1
129 ENST00000442679 1 62436297 62451804 1
130 ENST00000339950 1 62436297 62451804 1
131 ENST00000371146 1 62436297 62451804 1
132 ENST00000634495 1 62454298 62688386 -1
133 ENST00000251157 1 62454298 62688386 -1
134 ENST00000454575 1 62454298 62688386 -1
135 ENST00000635348 1 62454298 62688386 -1
136 ENST00000635983 1 62454298 62688386 -1
137 ENST00000340370 1 62454298 62688386 -1
138 ENST00000637255 1 62454298 62688386 -1
139 ENST00000634264 1 62454298 62688386 -1
140 ENST00000635123 1 62454298 62688386 -1
141 ENST00000635253 1 62454298 62688386 -1
142 ENST00000637306 1 62454298 62688386 -1
143 ENST00000489185 1 62454298 62688386 -1
144 ENST00000467758 1 62454298 62688386 -1
145 ENST00000637487 1 62454298 62688386 -1
146 ENST00000635088 1 62454298 62688386 -1
147 ENST00000637839 1 62454298 62688386 -1
148 ENST00000638042 1 62454298 62688386 -1
149 ENST00000636370 1 62454298 62688386 -1
150 ENST00000636746 1 62454298 62688386 -1
151 ENST00000637735 1 62454298 62688386 -1
152 ENST00000637208 1 62454298 62688386 -1
153 ENST00000479983 1 62454298 62688386 -1
154 ENST00000637144 1 62454298 62688386 -1
155 ENST00000635286 1 62454298 62688386 -1
156 ENST00000634929 1 62454298 62688386 -1
157 ENST00000634652 1 62454298 62688386 -1
158 ENST00000635027 1 62454298 62688386 -1
159 ENST00000637431 1 62454298 62688386 -1
160 ENST00000634223 1 62454298 62688386 -1
161 ENST00000404627 1 62454298 62688386 -1
162 ENST00000614472 1 62454298 62688386 -1
163 ENST00000637227 1 62454298 62688386 -1
164 ENST00000464312 1 62454298 62688386 -1
165 ENST00000635827 1 62454298 62688386 -1
166 ENST00000634912 1 62454298 62688386 -1
167 ENST00000636167 1 62454298 62688386 -1
168 ENST00000636635 1 62454298 62688386 -1
169 ENST00000604867 1 62530636 62530873 1
170 ENST00000371129 1 62597520 62606313 1
171 ENST00000482591 1 62597520 62606313 1
172 ENST00000493994 1 62597520 62606313 1
173 ENST00000624477 1 62607766 62609584 1
174 ENST00000258651 1 62641122 62641667 -1
175 ENST00000453229 1 62688482 62710694 1
176 ENST00000443289 1 62784132 62865516 1
177 ENST00000317868 1 62784132 62865516 1
178 ENST00000371120 1 62784132 62865516 1
179 ENST00000371118 1 62784132 62865516 1
180 ENST00000414558 1 62784132 62865516 1
181 ENST00000450811 1 62896009 62901639 1
182 ENST00000435230 1 62905180 62905482 1
183 ENST00000641890 1 62975751 63022504 -1
184 ENST00000420285 1 62975751 63022504 -1
185 ENST00000425352 1 62975751 63022504 -1
186 ENST00000420659 1 62975751 63022504 -1
187 ENST00000641712 1 62975751 63022504 -1
188 ENST00000663274 1 63011197 63018614 1
189 ENST00000418091 1 63024207 63025658 1
190 ENST00000427547 1 63078081 63079031 -1
191 ENST00000455038 1 63139250 63163153 1
192 ENST00000432537 1 63159083 63317274 -1
193 ENST00000635458 1 63159083 63317274 -1
194 ENST00000447183 1 63159083 63317274 -1
195 ENST00000634725 1 63159083 63317274 -1
196 ENST00000635555 1 63159083 63317274 -1
197 ENST00000634576 1 63159083 63317274 -1
198 ENST00000635218 1 63159083 63317274 -1
199 ENST00000455304 1 63159083 63317274 -1
200 ENST00000418086 1 63159083 63317274 -1
201 ENST00000436475 1 63159083 63317274 -1
202 ENST00000663270 1 63159083 63317274 -1
203 ENST00000660198 1 63159083 63317274 -1
204 ENST00000664269 1 63159083 63317274 -1
205 ENST00000662911 1 63159083 63317274 -1
206 ENST00000653027 1 63159083 63317274 -1
207 ENST00000656229 1 63159083 63317274 -1
208 ENST00000658184 1 63159083 63317274 -1
209 ENST00000667005 1 63159083 63317274 -1
210 ENST00000671553 1 63159083 63317274 -1
211 ENST00000665381 1 63159083 63317274 -1
212 ENST00000666431 1 63159083 63317274 -1
213 ENST00000667523 1 63159083 63317274 -1
214 ENST00000667957 1 63159083 63317274 -1
215 ENST00000667879 1 63159083 63317274 -1
216 ENST00000655035 1 63159083 63317274 -1
217 ENST00000658957 1 63159083 63317274 -1
218 ENST00000662017 1 63159083 63317274 -1
219 ENST00000658104 1 63159083 63317274 -1
220 ENST00000656075 1 63159083 63317274 -1
221 ENST00000669810 1 63159083 63317274 -1
222 ENST00000666885 1 63159083 63317274 -1
223 ENST00000671620 1 63159083 63317274 -1
224 ENST00000656034 1 63159083 63317274 -1
225 ENST00000516450 1 63186336 63186450 -1
226 ENST00000449140 1 63249920 63251771 1
227 ENST00000429660 1 63262113 63262707 1
228 ENST00000426393 1 63320884 63324441 -1
229 ENST00000418244 1 63320884 63324441 -1
230 ENST00000449386 1 63320884 63324441 -1
231 ENST00000431294 1 63320884 63324441 -1
232 ENST00000427268 1 63320884 63324441 -1
233 ENST00000371116 1 63322567 63325128 1
234 ENST00000615405 1 63326925 63326984 -1
235 ENST00000516975 1 63338263 63338372 1
236 ENST00000455736 1 63359823 63361179 -1
237 ENST00000647818 1 63367575 63438553 1
238 ENST00000603108 1 63367575 63438553 1
239 ENST00000648964 1 63367575 63438553 1
240 ENST00000650469 1 63367575 63438553 1
241 ENST00000650494 1 63367575 63438553 1
242 ENST00000263440 1 63367575 63438553 1
243 ENST00000649570 1 63367575 63438553 1
244 ENST00000487136 1 63367575 63438553 1
245 ENST00000650331 1 63367575 63438553 1
246 ENST00000465969 1 63367575 63438553 1
247 ENST00000462390 1 63367575 63438553 1
248 ENST00000494765 1 63367575 63438553 1
249 ENST00000492655 1 63440770 63593721 -1
250 ENST00000371092 1 63440770 63593721 -1
251 ENST00000271002 1 63440770 63593721 -1
252 ENST00000489099 1 63440770 63593721 -1
253 ENST00000461681 1 63440770 63593721 -1
254 ENST00000463803 1 63440770 63593721 -1
255 ENST00000478538 1 63440770 63593721 -1
256 ENST00000476508 1 63440770 63593721 -1
257 ENST00000460394 1 63440770 63593721 -1
258 ENST00000462285 1 63440770 63593721 -1
259 ENST00000489863 1 63440770 63593721 -1
260 ENST00000465781 1 63440770 63593721 -1
261 ENST00000460251 1 63440770 63593721 -1
262 ENST00000478138 1 63440770 63593721 -1
263 ENST00000657197 1 63487957 63508204 1
264 ENST00000480886 1 63523372 63572693 1
265 ENST00000371088 1 63523372 63572693 1
266 ENST00000493605 1 63523372 63572693 1
267 ENST00000496956 1 63523372 63572693 1
268 ENST00000460678 1 63523372 63572693 1
269 ENST00000461039 1 63523372 63572693 1
270 ENST00000585186 1 63529613 63529898 -1
271 ENST00000515911 1 63536711 63536770 -1
272 ENST00000371086 1 63547082 63550636 1
273 ENST00000340052 1 63548977 63549112 -1
274 ENST00000610606 1 63549133 63549216 -1
275 ENST00000616613 1 63549227 63549284 -1
276 ENST00000612883 1 63549294 63549366 -1
277 ENST00000615474 1 63549374 63549463 -1
278 ENST00000612089 1 63549489 63549608 -1
279 ENST00000371084 1 63593411 63660245 1
280 ENST00000650546 1 63593411 63660245 1
281 ENST00000473117 1 63593411 63660245 1
282 ENST00000371083 1 63593411 63660245 1
283 ENST00000483707 1 63593411 63660245 1
284 ENST00000540265 1 63593411 63660245 1
285 ENST00000489463 1 63655743 63656047 1
286 ENST00000371080 1 63774017 64181498 1
287 ENST00000371079 1 63774017 64181498 1
288 ENST00000482426 1 63774017 64181498 1
289 ENST00000545203 1 63774017 64181498 1
290 ENST00000418154 1 63788721 63789304 -1
291 ENST00000440942 1 63843196 63843685 -1
292 ENST00000384461 1 64028894 64029000 -1
293 ENST00000363638 1 64066640 64066741 -1
294 ENST00000676235 1 64094379 64171342 -1
295 ENST00000412349 1 64094379 64171342 -1
296 ENST00000424995 1 64094379 64171342 -1
297 ENST00000675824 1 64094379 64171342 -1
298 ENST00000674987 1 64094379 64171342 -1
299 ENST00000657702 1 64094379 64171342 -1
300 ENST00000675261 1 64094379 64171342 -1
301 ENST00000646967 1 64186791 64192685 1
302 ENST00000371077 1 64203623 64267368 1
303 ENST00000611228 1 64203623 64267368 1
304 ENST00000371076 1 64203623 64267368 1
305 ENST00000608020 1 64203623 64267368 1
306 ENST00000464349 1 64203623 64267368 1
307 ENST00000608956 1 64203623 64267368 1
308 ENST00000458856 1 64384398 64384459 -1
309 ENST00000651257 1 64470129 64693058 1
310 ENST00000650260 1 64470129 64693058 1
311 ENST00000495994 1 64470129 64693058 1
312 ENST00000470527 1 64470129 64693058 1
313 ENST00000486580 1 64470129 64693058 1
314 ENST00000290039 1 64470129 64693058 1
315 ENST00000582305 1 64579847 64579923 1
316 ENST00000371072 1 64745095 64833232 1
317 ENST00000418058 1 64745095 64833232 1
318 ENST00000294428 1 64745095 64833232 1
319 ENST00000342505 1 64833229 65067754 -1
320 ENST00000673046 1 64833229 65067754 -1
321 ENST00000672247 1 64833229 65067754 -1
322 ENST00000672434 1 64833229 65067754 -1
323 ENST00000672574 1 64833229 65067754 -1
324 ENST00000671746 1 64833229 65067754 -1
325 ENST00000673246 1 64833229 65067754 -1
326 ENST00000673314 1 64833229 65067754 -1
327 ENST00000673254 1 64833229 65067754 -1
328 ENST00000671954 1 64833229 65067754 -1
329 ENST00000672179 1 64833229 65067754 -1
330 ENST00000673220 1 64833229 65067754 -1
331 ENST00000671929 1 64833229 65067754 -1
332 ENST00000465376 1 64833229 65067754 -1
333 ENST00000481702 1 64833229 65067754 -1
334 ENST00000471473 1 64833229 65067754 -1
335 ENST00000673502 1 64833229 65067754 -1
336 ENST00000494904 1 64833229 65067754 -1
337 ENST00000672751 1 64833229 65067754 -1
338 ENST00000672903 1 64833229 65067754 -1
339 ENST00000672099 1 64833229 65067754 -1
340 ENST00000442855 1 64918443 64918683 1
341 ENST00000446914 1 64941979 64942365 1
342 ENST00000447748 1 64972225 65002489 -1
343 ENST00000635398 1 64972225 65002489 -1
344 ENST00000635626 1 64972225 65002489 -1
345 ENST00000654678 1 64972225 65002489 -1
346 ENST00000658189 1 64972225 65002489 -1
347 ENST00000634775 1 64972225 65002489 -1
348 ENST00000666562 1 64972225 65002489 -1
349 ENST00000634604 1 64972225 65002489 -1
350 ENST00000647968 1 64972225 65002489 -1
351 ENST00000654680 1 64972225 65002489 -1
352 ENST00000668343 1 64972225 65002489 -1
353 ENST00000654707 1 64972225 65002489 -1
354 ENST00000669029 1 64972225 65002489 -1
355 ENST00000415842 1 64972225 65002489 -1
356 ENST00000664673 1 64972225 65002489 -1
357 ENST00000444349 1 64972225 65002489 -1
358 ENST00000663993 1 64972225 65002489 -1
359 ENST00000658816 1 64972225 65002489 -1
360 ENST00000436350 1 64972225 65002489 -1
361 ENST00000670320 1 64972225 65002489 -1
362 ENST00000634799 1 64972225 65002489 -1
363 ENST00000331747 1 64984608 64986087 -1
364 ENST00000607528 1 65003470 65004087 -1
365 ENST00000390955 1 65022968 65023074 -1
366 ENST00000580455 1 65057755 65057842 -1
367 ENST00000362265 1 65058434 65058508 -1
368 ENST00000416486 1 65077413 65078131 -1
369 ENST00000453850 1 65092392 65092614 -1
370 ENST00000497030 1 65147549 65232145 1
371 ENST00000470888 1 65147549 65232145 1
372 ENST00000546702 1 65147549 65232145 1
373 ENST00000327299 1 65147549 65232145 1
374 ENST00000474968 1 65147549 65232145 1
375 ENST00000479060 1 65147549 65232145 1
376 ENST00000545314 1 65147549 65232145 1
377 ENST00000395334 1 65147549 65232145 1
378 ENST00000439662 1 65154480 65154650 1
379 ENST00000463018 1 65248219 65415871 1
380 ENST00000494710 1 65248219 65415871 1
381 ENST00000395325 1 65248219 65415871 1
382 ENST00000483402 1 65248219 65415871 1
383 ENST00000371069 1 65248219 65415871 1
384 ENST00000472787 1 65248219 65415871 1
385 ENST00000498720 1 65248219 65415871 1
386 ENST00000263441 1 65248219 65415871 1
387 ENST00000435739 1 65279456 65306521 -1
388 ENST00000428703 1 65298755 65298980 -1
389 ENST00000410692 1 65415816 65416006 1
390 ENST00000475108 1 65420587 65436007 1
391 ENST00000371065 1 65420587 65436007 1
392 ENST00000497874 1 65420587 65436007 1
393 ENST00000488747 1 65420587 65436007 1
394 ENST00000484243 1 65420587 65436007 1
395 ENST00000613538 1 65420587 65436007 1
396 ENST00000371059 1 65420652 65641559 1
397 ENST00000371060 1 65420652 65641559 1
398 ENST00000349533 1 65420652 65641559 1
399 ENST00000462765 1 65420652 65641559 1
400 ENST00000371058 1 65420652 65641559 1
401 ENST00000471762 1 65420652 65641559 1
402 ENST00000344610 1 65420652 65641559 1
403 ENST00000616738 1 65420652 65641559 1
404 ENST00000429871 1 65486406 65494188 1
405 ENST00000426714 1 65576129 65578380 -1
406 ENST00000646875 1 65703962 65714847 1
407 ENST00000459767 1 65761058 65761352 -1
408 ENST00000329654 1 65792514 66374579 1
409 ENST00000341517 1 65792514 66374579 1
410 ENST00000423207 1 65792514 66374579 1
411 ENST00000531358 1 65792514 66374579 1
412 ENST00000532040 1 65792514 66374579 1
413 ENST00000526666 1 65792514 66374579 1
414 ENST00000412480 1 65792514 66374579 1
415 ENST00000371048 1 65792514 66374579 1
416 ENST00000490695 1 65792514 66374579 1
417 ENST00000491340 1 65792514 66374579 1
418 ENST00000528771 1 65792514 66374579 1
419 ENST00000371045 1 65792514 66374579 1
420 ENST00000531025 1 65792514 66374579 1
421 ENST00000526197 1 65792514 66374579 1
422 ENST00000480109 1 65792514 66374579 1
423 ENST00000534463 1 65792514 66374579 1
424 ENST00000524999 1 65792514 66374579 1
425 ENST00000483863 1 65792514 66374579 1
426 ENST00000424138 1 66042500 66050718 -1
427 ENST00000411220 1 66094461 66094546 -1
428 ENST00000682707 1 66533267 66751139 1
429 ENST00000237247 1 66533267 66751139 1
430 ENST00000684751 1 66533267 66751139 1
431 ENST00000683291 1 66533267 66751139 1
432 ENST00000682054 1 66533267 66751139 1
433 ENST00000435165 1 66533267 66751139 1
434 ENST00000684539 1 66533267 66751139 1
435 ENST00000681971 1 66533267 66751139 1
436 ENST00000682476 1 66533267 66751139 1
437 ENST00000682270 1 66533267 66751139 1
438 ENST00000683207 1 66533267 66751139 1
439 ENST00000684168 1 66533267 66751139 1
440 ENST00000371039 1 66533267 66751139 1
441 ENST00000493564 1 66533267 66751139 1
442 ENST00000684178 1 66533267 66751139 1
443 ENST00000684664 1 66533267 66751139 1
444 ENST00000468286 1 66533267 66751139 1
445 ENST00000682416 1 66533267 66751139 1
446 ENST00000683499 1 66533267 66751139 1
447 ENST00000683257 1 66533267 66751139 1
448 ENST00000684083 1 66533267 66751139 1
449 ENST00000682938 1 66533267 66751139 1
450 ENST00000682419 1 66533267 66751139 1
451 ENST00000683604 1 66533267 66751139 1
452 ENST00000682519 1 66533267 66751139 1
453 ENST00000682901 1 66533267 66751139 1
454 ENST00000683311 1 66533267 66751139 1
455 ENST00000682150 1 66533267 66751139 1
456 ENST00000682816 1 66533267 66751139 1
457 ENST00000683581 1 66533267 66751139 1
458 ENST00000682293 1 66533267 66751139 1
459 ENST00000684750 1 66533267 66751139 1
460 ENST00000682981 1 66533267 66751139 1
461 ENST00000483060 1 66533267 66751139 1
462 ENST00000371037 1 66533267 66751139 1
463 ENST00000684651 1 66533267 66751139 1
464 ENST00000480548 1 66533267 66751139 1
465 ENST00000682762 1 66533267 66751139 1
466 ENST00000424320 1 66533267 66751139 1
467 ENST00000683067 1 66533267 66751139 1
468 ENST00000484988 1 66533267 66751139 1
469 ENST00000683731 1 66533267 66751139 1
470 ENST00000682894 1 66533267 66751139 1
471 ENST00000487507 1 66533267 66751139 1
472 ENST00000684369 1 66533267 66751139 1
473 ENST00000320161 1 66533267 66751139 1
474 ENST00000682032 1 66533267 66751139 1
475 ENST00000468570 1 66533267 66751139 1
476 ENST00000682619 1 66533267 66751139 1
477 ENST00000684563 1 66533267 66751139 1
478 ENST00000683526 1 66533267 66751139 1
479 ENST00000683911 1 66533267 66751139 1
480 ENST00000584034 1 66628440 66628517 1
481 ENST00000502413 1 66665864 66677027 -1
482 ENST00000525663 1 66752459 66779047 1
483 ENST00000282670 1 66752459 66779047 1
484 ENST00000528352 1 66752459 66779047 1
485 ENST00000491611 1 66752459 66779047 1
486 ENST00000448074 1 66752459 66779047 1
487 ENST00000489510 1 66752459 66779047 1
488 ENST00000304526 1 66797740 66801276 -1
489 ENST00000371026 1 66812885 66924856 -1
490 ENST00000491297 1 66812885 66924856 -1
491 ENST00000464352 1 66812885 66924856 -1
492 ENST00000371023 1 66812885 66924856 -1
493 ENST00000531552 1 66812885 66924856 -1
494 ENST00000469450 1 66812885 66924856 -1
495 ENST00000493572 1 66812885 66924856 -1
496 ENST00000531980 1 66812885 66924856 -1
497 ENST00000371022 1 66812885 66924856 -1
498 ENST00000532629 1 66812885 66924856 -1
499 ENST00000488333 1 66812885 66924856 -1
500 ENST00000474506 1 66812885 66924856 -1
501 ENST00000456389 1 66826942 66828558 1
502 ENST00000357692 1 66924895 66988619 1
503 ENST00000401041 1 66924895 66988619 1
504 ENST00000371016 1 66924895 66988619 1
505 ENST00000371014 1 66924895 66988619 1
506 ENST00000371012 1 66924895 66988619 1
507 ENST00000401042 1 66924895 66988619 1
508 ENST00000355356 1 66924895 66988619 1
509 ENST00000479067 1 66924895 66988619 1
510 ENST00000493357 1 66924895 66988619 1
511 ENST00000355977 1 66924895 66988619 1
512 ENST00000371018 1 66924895 66988619 1
513 ENST00000235345 1 66999350 67054148 -1
514 ENST00000371007 1 67092165 67231853 -1
515 ENST00000371004 1 67092165 67231853 -1
516 ENST00000544837 1 67092165 67231853 -1
517 ENST00000448166 1 67092165 67231853 -1
518 ENST00000603691 1 67092165 67231853 -1
519 ENST00000371006 1 67092165 67231853 -1
520 ENST00000475209 1 67092165 67231853 -1
521 ENST00000621590 1 67092165 67231853 -1
522 ENST00000684719 1 67092165 67231853 -1
523 ENST00000516624 1 67102645 67102779 -1
524 ENST00000621423 1 67121605 67123956 -1
525 ENST00000637002 1 67138907 67259979 1
526 ENST00000347310 1 67138907 67259979 1
527 ENST00000425614 1 67138907 67259979 1
528 ENST00000473881 1 67138907 67259979 1
529 ENST00000395227 1 67138907 67259979 1
530 ENST00000517265 1 67196140 67196243 1
531 ENST00000516307 1 67267601 67267726 -1
532 ENST00000432257 1 67278052 67278779 1
533 ENST00000262345 1 67307364 67398724 1
534 ENST00000544434 1 67307364 67398724 1
535 ENST00000541374 1 67307364 67398724 1
536 ENST00000371000 1 67307364 67398724 1
537 ENST00000674203 1 67307364 67398724 1
538 ENST00000648487 1 67307364 67398724 1
539 ENST00000441640 1 67307364 67398724 1
540 ENST00000465396 1 67307364 67398724 1
541 ENST00000370994 1 67407810 67430415 -1
542 ENST00000370995 1 67407810 67430415 -1
543 ENST00000361219 1 67407810 67430415 -1
544 ENST00000370990 1 67407810 67430415 -1
545 ENST00000493607 1 67407810 67430415 -1
546 ENST00000462814 1 67407810 67430415 -1
547 ENST00000484880 1 67407810 67430415 -1
548 ENST00000490406 1 67407810 67430415 -1
549 ENST00000411331 1 67417214 67417318 1
550 ENST00000667745 1 67522299 67532612 1
551 ENST00000634424 1 67522299 67532612 1
552 ENST00000230113 1 67522299 67532612 1
553 ENST00000635350 1 67522299 67532612 1
554 ENST00000655752 1 67522299 67532612 1
555 ENST00000657338 1 67522299 67532612 1
556 ENST00000664968 1 67522299 67532612 1
557 ENST00000657691 1 67522299 67532612 1
558 ENST00000384773 1 67541127 67541233 1
559 ENST00000414338 1 67561073 67561446 1
560 ENST00000473024 1 67656831 67657129 -1
561 ENST00000426952 1 67660155 67661013 -1
562 ENST00000370986 1 67685201 67688334 1
563 ENST00000370985 1 67685201 67688334 1
564 ENST00000650283 1 67685201 67688334 1
565 ENST00000648742 1 67685201 67688334 1
566 ENST00000460575 1 67685201 67688334 1
567 ENST00000617962 1 67685201 67688334 1
568 ENST00000484245 1 67685201 67688334 1
569 ENST00000370982 1 67701475 67833467 -1
570 ENST00000494936 1 67701475 67833467 -1
571 ENST00000459562 1 67772593 67772653 -1
572 ENST00000420587 1 67832303 68202987 1
573 ENST00000413628 1 67832303 68202987 1
574 ENST00000414904 1 67832303 68202987 1
575 ENST00000434072 1 67832303 68202987 1
576 ENST00000435784 1 68043330 68044233 1
577 ENST00000370981 1 68045886 68051631 -1
578 ENST00000646789 1 68045886 68051631 -1
579 ENST00000439327 1 68049360 68049745 -1
580 ENST00000354777 1 68098473 68233120 -1
581 ENST00000262348 1 68098473 68233120 -1
582 ENST00000370976 1 68098473 68233120 -1
583 ENST00000498615 1 68098473 68233120 -1
584 ENST00000491811 1 68098473 68233120 -1
585 ENST00000497187 1 68098473 68233120 -1
586 ENST00000534713 1 68098473 68233120 -1
587 ENST00000533537 1 68098473 68233120 -1
588 ENST00000530486 1 68098473 68233120 -1
589 ENST00000370973 1 68098473 68233120 -1
590 ENST00000471243 1 68098473 68233120 -1
591 ENST00000491076 1 68098473 68233120 -1
592 ENST00000527864 1 68098473 68233120 -1
593 ENST00000370971 1 68098473 68233120 -1
594 ENST00000422584 1 68161761 68163090 -1
595 ENST00000408276 1 68183518 68183610 -1
596 ENST00000444127 1 68242474 68243055 -1
597 ENST00000430845 1 68282388 68282622 1
598 ENST00000434209 1 68375327 68375663 -1
599 ENST00000421309 1 68381441 68381657 -1
600 ENST00000262340 1 68428822 68449954 -1
601 ENST00000456315 1 68474152 68497221 -1
602 ENST00000370966 1 68474152 68497221 -1
603 ENST00000488146 1 68474152 68497221 -1
604 ENST00000489862 1 68474152 68497221 -1
605 ENST00000525124 1 68474152 68497221 -1
606 ENST00000425820 1 68479129 68483539 1
607 ENST00000428732 1 68496676 68538627 1
608 ENST00000443918 1 68514375 68514669 -1
609 ENST00000646352 1 68633701 68640425 1
610 ENST00000643361 1 68679202 68943452 1
611 ENST00000646995 1 68679202 68943452 1
612 ENST00000645269 1 68679202 68943452 1
613 ENST00000644104 1 68974010 69023558 1
614 ENST00000425517 1 69055838 69229607 1
615 ENST00000667473 1 69055838 69229607 1
616 ENST00000660251 1 69055838 69229607 1
617 ENST00000664718 1 69055838 69229607 1
618 ENST00000661832 1 69055838 69229607 1
619 ENST00000658427 1 69055838 69229607 1
620 ENST00000667299 1 69055838 69229607 1
621 ENST00000650525 1 69215835 69249477 -1
622 ENST00000439878 1 69215835 69249477 -1
623 ENST00000448001 1 69433255 69435409 1
624 ENST00000662276 1 69551848 69563715 1
625 ENST00000651989 1 69567922 70151945 1
626 ENST00000310961 1 69567922 70151945 1
627 ENST00000370958 1 69567922 70151945 1
628 ENST00000651217 1 69567922 70151945 1
629 ENST00000415775 1 69567922 70151945 1
630 ENST00000588515 1 69567922 70151945 1
631 ENST00000609498 1 69567922 70151945 1
632 ENST00000608815 1 69567922 70151945 1
633 ENST00000608744 1 69567922 70151945 1
634 ENST00000609072 1 69567922 70151945 1
635 ENST00000608470 1 69567922 70151945 1
636 ENST00000607936 1 69567922 70151945 1
637 ENST00000565615 1 69567922 70151945 1
638 ENST00000441830 1 69567922 70151945 1
639 ENST00000603525 1 69606855 69608301 -1
640 ENST00000656012 1 69706950 69710274 -1
641 ENST00000494227 1 69879592 69879895 1
642 ENST00000412108 1 69919322 69920317 1
643 ENST00000439639 1 69919322 69920317 1
644 ENST00000414132 1 70013982 70031222 -1
645 ENST00000425754 1 70013982 70031222 -1
646 ENST00000370952 1 70144805 70205579 -1
647 ENST00000491451 1 70180144 70180440 -1
648 ENST00000370951 1 70205682 70253052 1
649 ENST00000463877 1 70205682 70253052 1
650 ENST00000370950 1 70205682 70253052 1
651 ENST00000475204 1 70205682 70253052 1
652 ENST00000395136 1 70205682 70253052 1
653 ENST00000473950 1 70205682 70253052 1
654 ENST00000469170 1 70205682 70253052 1
655 ENST00000486667 1 70205682 70253052 1
656 ENST00000481648 1 70205682 70253052 1
657 ENST00000463116 1 70205682 70253052 1
658 ENST00000484162 1 70205682 70253052 1
659 ENST00000370949 1 70205682 70253052 1
660 ENST00000463859 1 70205682 70253052 1
661 ENST00000460795 1 70205682 70253052 1
662 ENST00000461935 1 70205682 70253052 1
663 ENST00000489188 1 70205682 70253052 1
664 ENST00000422107 1 70218589 70221023 -1
665 ENST00000370944 1 70258999 70354734 -1
666 ENST00000262346 1 70258999 70354734 -1
667 ENST00000464236 1 70258999 70354734 -1
668 ENST00000490846 1 70258999 70354734 -1
669 ENST00000498735 1 70258999 70354734 -1
670 ENST00000361764 1 70354805 70385339 1
671 ENST00000370940 1 70354805 70385339 1
672 ENST00000359875 1 70354805 70385339 1
673 ENST00000486110 1 70354805 70385339 1
674 ENST00000463058 1 70354805 70385339 1
675 ENST00000531950 1 70354805 70385339 1
676 ENST00000525653 1 70354805 70385339 1
677 ENST00000413943 1 70359562 70360437 -1
678 ENST00000411986 1 70411218 70439851 1
679 ENST00000370938 1 70411218 70439851 1
680 ENST00000464926 1 70411218 70439851 1
681 ENST00000346806 1 70411218 70439851 1
682 ENST00000482383 1 70411218 70439851 1
683 ENST00000612213 1 70430896 70431178 1
684 ENST00000607679 1 70445071 70445536 1
685 ENST00000456361 1 70530526 70531492 1
686 ENST00000446037 1 70660657 70661265 -1
687 ENST00000663421 1 70706441 70786468 1
688 ENST00000419450 1 70706441 70786468 1
689 ENST00000664802 1 70706441 70786468 1
690 ENST00000660283 1 70706441 70786468 1
691 ENST00000423187 1 70715933 70720289 -1
692 ENST00000370931 1 70852353 71047808 -1
693 ENST00000370932 1 70852353 71047808 -1
694 ENST00000628037 1 70852353 71047808 -1
695 ENST00000497146 1 70852353 71047808 -1
696 ENST00000361210 1 70852353 71047808 -1
697 ENST00000479353 1 70852353 71047808 -1
698 ENST00000460330 1 70852353 71047808 -1
699 ENST00000356595 1 70852353 71047808 -1
700 ENST00000306666 1 70852353 71047808 -1
701 ENST00000351052 1 70852353 71047808 -1
702 ENST00000354608 1 70852353 71047808 -1
703 ENST00000370924 1 70852353 71047808 -1
704 ENST00000426775 1 70947379 70951493 1
705 ENST00000602605 1 71005854 71006502 -1
706 ENST00000450461 1 71048855 71067184 1
707 ENST00000426999 1 71048855 71067184 1
708 ENST00000370920 1 71063291 71081289 -1
709 ENST00000477096 1 71063291 71081289 -1
710 ENST00000254821 1 71063291 71081289 -1
711 ENST00000487510 1 71063291 71081289 -1
712 ENST00000479947 1 71063291 71081289 -1
713 ENST00000473260 1 71063291 71081289 -1
714 ENST00000611683 1 71063291 71081289 -1
715 ENST00000384988 1 71067631 71067716 -1
716 ENST00000455406 1 71081324 71489976 1
717 ENST00000654734 1 71081324 71489976 1
718 ENST00000671179 1 71081324 71489976 1
719 ENST00000634641 1 71081324 71489976 1
720 ENST00000627548 1 71081324 71489976 1
721 ENST00000599146 1 71081324 71489976 1
722 ENST00000626344 1 71081324 71489976 1
723 ENST00000630994 1 71081324 71489976 1
724 ENST00000627516 1 71081324 71489976 1
725 ENST00000627902 1 71081324 71489976 1
726 ENST00000630926 1 71081324 71489976 1
727 ENST00000596952 1 71081324 71489976 1
728 ENST00000625896 1 71081324 71489976 1
729 ENST00000663294 1 71081324 71489976 1
730 ENST00000413421 1 71081324 71489976 1
731 ENST00000628635 1 71081324 71489976 1
732 ENST00000626510 1 71081324 71489976 1
733 ENST00000628683 1 71081324 71489976 1
734 ENST00000628797 1 71081324 71489976 1
735 ENST00000628450 1 71081324 71489976 1
736 ENST00000594152 1 71081324 71489976 1
737 ENST00000653422 1 71081324 71489976 1
738 ENST00000583678 1 71081324 71489976 1
739 ENST00000670550 1 71081324 71489976 1
740 ENST00000630885 1 71081324 71489976 1
741 ENST00000628670 1 71081324 71489976 1
742 ENST00000630350 1 71081324 71489976 1
743 ENST00000415780 1 71081324 71489976 1
744 ENST00000600103 1 71081324 71489976 1
745 ENST00000411721 1 71081324 71489976 1
746 ENST00000608579 1 71081324 71489976 1
747 ENST00000430605 1 71081324 71489976 1
748 ENST00000586006 1 71081324 71489976 1
749 ENST00000587306 1 71081324 71489976 1
750 ENST00000587066 1 71081324 71489976 1
751 ENST00000585499 1 71081324 71489976 1
752 ENST00000585415 1 71081324 71489976 1
753 ENST00000623721 1 71081324 71489976 1
754 ENST00000590186 1 71081324 71489976 1
755 ENST00000625045 1 71081324 71489976 1
756 ENST00000591654 1 71081324 71489976 1
757 ENST00000624050 1 71081324 71489976 1
758 ENST00000608360 1 71081324 71489976 1
759 ENST00000422522 1 71367054 71367303 -1
760 ENST00000357731 1 71395943 72282539 -1
761 ENST00000306821 1 71395943 72282539 -1
762 ENST00000474357 1 71395943 72282539 -1
763 ENST00000478526 1 71395943 72282539 -1
764 ENST00000467479 1 71395943 72282539 -1
765 ENST00000446438 1 71570956 71573558 1
766 ENST00000605519 1 71738173 71738354 1
767 ENST00000453121 1 71794232 71837012 -1
768 ENST00000445131 1 72274552 72275159 1
769 ENST00000653965 1 72283170 72753772 1
770 ENST00000667836 1 72283170 72753772 1
771 ENST00000665984 1 72283170 72753772 1
772 ENST00000662505 1 72283170 72753772 1
773 ENST00000666987 1 72283170 72753772 1
774 ENST00000659328 1 72283170 72753772 1
775 ENST00000422587 1 72301472 72301829 1
776 ENST00000445976 1 72636547 72899240 -1
777 ENST00000660076 1 72636547 72899240 -1
778 ENST00000668734 1 72636547 72899240 -1
779 ENST00000656766 1 72636547 72899240 -1
780 ENST00000664523 1 72636547 72899240 -1
781 ENST00000666164 1 72636547 72899240 -1
782 ENST00000661739 1 72636547 72899240 -1
783 ENST00000671099 1 72636547 72899240 -1
784 ENST00000666853 1 72636547 72899240 -1
785 ENST00000654386 1 72636547 72899240 -1
786 ENST00000391064 1 72717663 72717769 -1
787 ENST00000418078 1 72765031 72791282 1
788 ENST00000650621 1 72793104 72854475 1
789 ENST00000623251 1 72979014 72979314 -1
790 ENST00000430398 1 73104792 73106282 1
791 ENST00000516016 1 73191604 73191855 -1
792 ENST00000440762 1 73305609 73355253 1
793 ENST00000635317 1 73305609 73355253 1
794 ENST00000656781 1 73305609 73355253 1
795 ENST00000415686 1 73305609 73355253 1
796 ENST00000411903 1 73305609 73355253 1
797 ENST00000452553 1 73305609 73355253 1
798 ENST00000662360 1 73305609 73355253 1
799 ENST00000664468 1 73305609 73355253 1
800 ENST00000663350 1 73305609 73355253 1
801 ENST00000670941 1 73305609 73355253 1
802 ENST00000444827 1 73305609 73355253 1
803 ENST00000661322 1 73305609 73355253 1
804 ENST00000666103 1 73305609 73355253 1
805 ENST00000661787 1 73305609 73355253 1
806 ENST00000657455 1 73305609 73355253 1
807 ENST00000658942 1 73305609 73355253 1
808 ENST00000654152 1 73305609 73355253 1
809 ENST00000424953 1 73635216 73715214 1
810 ENST00000436262 1 73635216 73715214 1
811 ENST00000363731 1 73749517 73749623 -1
812 ENST00000649962 1 73787370 73915340 -1
813 ENST00000667324 1 73787370 73915340 -1
814 ENST00000666275 1 73787370 73915340 -1
815 ENST00000516196 1 73883714 73883822 1
816 ENST00000417067 1 74026015 74198187 -1
817 ENST00000395089 1 74026015 74198187 -1
818 ENST00000354431 1 74026015 74198187 -1
819 ENST00000415760 1 74026015 74198187 -1
820 ENST00000468759 1 74026015 74198187 -1
821 ENST00000370909 1 74026015 74198187 -1
822 ENST00000444984 1 74026015 74198187 -1
823 ENST00000495179 1 74026015 74198187 -1
824 ENST00000370911 1 74026015 74198187 -1
825 ENST00000463724 1 74026015 74198187 -1
826 ENST00000557284 1 74198235 74544393 1
827 ENST00000370899 1 74198235 74544393 1
828 ENST00000370895 1 74198235 74544393 1
829 ENST00000534632 1 74198235 74544393 1
830 ENST00000533006 1 74198235 74544393 1
831 ENST00000648585 1 74198235 74544393 1
832 ENST00000370893 1 74198235 74544393 1
833 ENST00000370898 1 74198238 74234086 1
834 ENST00000467578 1 74198238 74234086 1
835 ENST00000524915 1 74198238 74234086 1
836 ENST00000370894 1 74198238 74234086 1
837 ENST00000482102 1 74198238 74234086 1
838 ENST00000529485 1 74198238 74234086 1
839 ENST00000534056 1 74198238 74234086 1
840 ENST00000472069 1 74198238 74234086 1
841 ENST00000326637 1 74235387 74544428 1
842 ENST00000530184 1 74235387 74544428 1
843 ENST00000497284 1 74235387 74544428 1
844 ENST00000526236 1 74235387 74544428 1
845 ENST00000534020 1 74235387 74544428 1
846 ENST00000525480 1 74235387 74544428 1
847 ENST00000370889 1 74235387 74544428 1
848 ENST00000465473 1 74235387 74544428 1
849 ENST00000415549 1 74341579 74378802 -1
850 ENST00000629446 1 74341579 74378802 -1
851 ENST00000442876 1 74468195 74469543 1
852 ENST00000411417 1 74468195 74469543 1
853 ENST00000294635 1 74469376 74512611 -1
854 ENST00000433746 1 74568117 74673792 -1
855 ENST00000326665 1 74568117 74673792 -1
856 ENST00000614534 1 74568117 74673792 -1
857 ENST00000420661 1 74568117 74673792 -1
858 ENST00000479666 1 74568117 74673792 -1
859 ENST00000612390 1 74577430 74626098 1
860 ENST00000416017 1 74577430 74626098 1
861 ENST00000620678 1 74577430 74626098 1
862 ENST00000608748 1 74698769 74699333 -1
863 ENST00000370872 1 74705482 74733408 -1
864 ENST00000340866 1 74705482 74733408 -1
865 ENST00000492102 1 74705482 74733408 -1
866 ENST00000417775 1 74705482 74733408 -1
867 ENST00000370871 1 74705482 74733408 -1
868 ENST00000370870 1 74705482 74733408 -1
869 ENST00000441120 1 74705482 74733408 -1
870 ENST00000457880 1 74733152 74766678 1
871 ENST00000370867 1 74733152 74766678 1
872 ENST00000479111 1 74733152 74766678 1
873 ENST00000483990 1 74733152 74766678 1
874 ENST00000485401 1 74733152 74766678 1
875 ENST00000449696 1 74733152 74766678 1
876 ENST00000486467 1 74733152 74766678 1
877 ENST00000467646 1 74733152 74766678 1
878 ENST00000438619 1 74963314 74965118 1
879 ENST00000565735 1 75122518 75123927 -1
880 ENST00000446238 1 75127830 75133058 -1
881 ENST00000294638 1 75128434 75161533 1
882 ENST00000356261 1 75128434 75161533 1
883 ENST00000607240 1 75128434 75161533 1
884 ENST00000427892 1 75129974 75132576 -1
885 ENST00000384272 1 75183045 75183147 1
886 ENST00000370859 1 75202131 75611116 -1
887 ENST00000370855 1 75202131 75611116 -1
888 ENST00000469525 1 75202131 75611116 -1
889 ENST00000440382 1 75521562 75522231 1
890 ENST00000516529 1 75538015 75538119 -1
891 ENST00000413677 1 75582099 75582555 1
892 ENST00000648424 1 75641178 75724049 -1
893 ENST00000446582 1 75641178 75724049 -1
894 ENST00000433521 1 75641178 75724049 -1
895 ENST00000525881 1 75724431 75787575 1
896 ENST00000680517 1 75724431 75787575 1
897 ENST00000680798 1 75724431 75787575 1
898 ENST00000681621 1 75724431 75787575 1
899 ENST00000681930 1 75724431 75787575 1
900 ENST00000679509 1 75724431 75787575 1
901 ENST00000681680 1 75724431 75787575 1
902 ENST00000679615 1 75724431 75787575 1
903 ENST00000681446 1 75724431 75787575 1
904 ENST00000680964 1 75724431 75787575 1
905 ENST00000541113 1 75724431 75787575 1
906 ENST00000681063 1 75724431 75787575 1
907 ENST00000681913 1 75724431 75787575 1
908 ENST00000680613 1 75724431 75787575 1
909 ENST00000680805 1 75724431 75787575 1
910 ENST00000681278 1 75724431 75787575 1
911 ENST00000681209 1 75724431 75787575 1
912 ENST00000680691 1 75724431 75787575 1
913 ENST00000681037 1 75724431 75787575 1
914 ENST00000679976 1 75724431 75787575 1
915 ENST00000680749 1 75724431 75787575 1
916 ENST00000681430 1 75724431 75787575 1
917 ENST00000681289 1 75724431 75787575 1
918 ENST00000680694 1 75724431 75787575 1
919 ENST00000473018 1 75724431 75787575 1
920 ENST00000679530 1 75724431 75787575 1
921 ENST00000680582 1 75724431 75787575 1
922 ENST00000681361 1 75724431 75787575 1
923 ENST00000681790 1 75724431 75787575 1
924 ENST00000681837 1 75724431 75787575 1
925 ENST00000680743 1 75724431 75787575 1
926 ENST00000681616 1 75724431 75787575 1
927 ENST00000680948 1 75724431 75787575 1
928 ENST00000681916 1 75724431 75787575 1
929 ENST00000526129 1 75724431 75787575 1
930 ENST00000526196 1 75724431 75787575 1
931 ENST00000534146 1 75724431 75787575 1
932 ENST00000532509 1 75724431 75787575 1
933 ENST00000680844 1 75724431 75787575 1
934 ENST00000370834 1 75724431 75787575 1
935 ENST00000370841 1 75724431 75787575 1
936 ENST00000679709 1 75724431 75787575 1
937 ENST00000681720 1 75724431 75787575 1
938 ENST00000681548 1 75724431 75787575 1
939 ENST00000530953 1 75724431 75787575 1
940 ENST00000681450 1 75724431 75787575 1
941 ENST00000679687 1 75724431 75787575 1
942 ENST00000534334 1 75724431 75787575 1
943 ENST00000525808 1 75724431 75787575 1
944 ENST00000679704 1 75724431 75787575 1
945 ENST00000680662 1 75724431 75787575 1
946 ENST00000679804 1 75724431 75787575 1
947 ENST00000420607 1 75724431 75787575 1
948 ENST00000680166 1 75724431 75787575 1
949 ENST00000681730 1 75724431 75787575 1
950 ENST00000529059 1 75724431 75787575 1
951 ENST00000526930 1 75724431 75787575 1
952 ENST00000532207 1 75724431 75787575 1
953 ENST00000528016 1 75724431 75787575 1
954 ENST00000680315 1 75724431 75787575 1
955 ENST00000481374 1 75724431 75787575 1
956 ENST00000444241 1 75743423 75744776 -1
957 ENST00000496055 1 75786197 75795086 1
958 ENST00000473406 1 75786197 75795086 1
959 ENST00000485459 1 75786197 75795086 1
960 ENST00000370826 1 75786197 75795086 1
961 ENST00000497648 1 75786197 75795086 1
962 ENST00000319942 1 75786197 75795086 1
963 ENST00000462042 1 75786197 75795086 1
964 ENST00000470201 1 75786197 75795086 1
965 ENST00000471759 1 75786197 75795086 1
966 ENST00000491266 1 75786197 75795086 1
967 ENST00000461653 1 75786197 75795086 1
968 ENST00000489450 1 75786197 75795086 1
969 ENST00000467748 1 75786197 75795086 1
970 ENST00000459697 1 75786197 75795086 1
971 ENST00000383893 1 75787072 75787150 1
972 ENST00000384512 1 75787889 75787972 1
973 ENST00000364617 1 75789477 75789548 1
974 ENST00000263187 1 75796882 75913242 1
975 ENST00000284142 1 75918873 75932404 -1
976 ENST00000635455 1 75926454 76019356 1
977 ENST00000436121 1 75926454 76019356 1
978 ENST00000660524 1 75926454 76019356 1
979 ENST00000663496 1 75926454 76019356 1
980 ENST00000666008 1 75926454 76019356 1
981 ENST00000662311 1 75926454 76019356 1
982 ENST00000668722 1 75926454 76019356 1
983 ENST00000660289 1 75926454 76019356 1
984 ENST00000654326 1 75926454 76019356 1
985 ENST00000663145 1 75926454 76019356 1
986 ENST00000658660 1 75926454 76019356 1
987 ENST00000666909 1 75926454 76019356 1
988 ENST00000663316 1 75926454 76019356 1
989 ENST00000668000 1 75926454 76019356 1
990 ENST00000659632 1 75926454 76019356 1
991 ENST00000663495 1 75926454 76019356 1
992 ENST00000658579 1 75926454 76019356 1
993 ENST00000666157 1 75926454 76019356 1
994 ENST00000660655 1 75926454 76019356 1
995 ENST00000659182 1 75926454 76019356 1
996 ENST00000668173 1 75926454 76019356 1
997 ENST00000653726 1 75926454 76019356 1
998 ENST00000665343 1 75926454 76019356 1
999 ENST00000664339 1 75926454 76019356 1
1000 ENST00000654893 1 75926454 76019356 1
1001 ENST00000434540 1 76041691 76066349 1
1002 ENST00000659190 1 76041691 76066349 1
1003 ENST00000328299 1 76074746 76634603 1
1004 ENST00000464140 1 76074746 76634603 1
1005 ENST00000621530 1 76074746 76634603 1
1006 ENST00000394513 1 76353583 76354246 -1
1007 ENST00000608243 1 76636877 76637339 1
1008 ENST00000420977 1 76699789 76700538 1
1009 ENST00000363051 1 76753135 76753240 1
1010 ENST00000427806 1 76758124 76779267 -1
1011 ENST00000477717 1 76867480 77067546 1
1012 ENST00000480428 1 76867480 77067546 1
1013 ENST00000318803 1 76867480 77067546 1
1014 ENST00000496845 1 76867480 77067546 1
1015 ENST00000488940 1 76867480 77067546 1
1016 ENST00000620979 1 77060143 77060202 1
1017 ENST00000454305 1 77067920 77078482 1
1018 ENST00000659520 1 77081984 77086402 1
1019 ENST00000370812 1 77088989 77219430 -1
1020 ENST00000445065 1 77088989 77219430 -1
1021 ENST00000487906 1 77088989 77219430 -1
1022 ENST00000359130 1 77088989 77219430 -1
1023 ENST00000478391 1 77088989 77219430 -1
1024 ENST00000471722 1 77129114 77129668 1
1025 ENST00000458048 1 77194825 77195395 1
1026 ENST00000654296 1 77248633 77250826 1
1027 ENST00000354567 1 77282019 77559966 1
1028 ENST00000317704 1 77282019 77559966 1
1029 ENST00000344720 1 77282019 77559966 1
1030 ENST00000478407 1 77282019 77559966 1
1031 ENST00000469394 1 77282019 77559966 1
1032 ENST00000466114 1 77282019 77559966 1
1033 ENST00000524494 1 77282019 77559966 1
1034 ENST00000465146 1 77282019 77559966 1
1035 ENST00000530826 1 77282019 77559966 1
1036 ENST00000527263 1 77282019 77559966 1
1037 ENST00000478255 1 77282019 77559966 1
1038 ENST00000466393 1 77282019 77559966 1
1039 ENST00000531672 1 77282019 77559966 1
1040 ENST00000436206 1 77346046 77349585 -1
1041 ENST00000515958 1 77420325 77420386 1
1042 ENST00000666710 1 77431314 77437604 -1
1043 ENST00000481346 1 77562416 77683419 -1
1044 ENST00000370801 1 77562416 77683419 -1
1045 ENST00000476275 1 77562416 77683419 -1
1046 ENST00000370798 1 77562416 77683419 -1
1047 ENST00000476195 1 77562416 77683419 -1
1048 ENST00000474746 1 77562416 77683419 -1
1049 ENST00000433749 1 77562416 77683419 -1
1050 ENST00000414381 1 77562416 77683419 -1
1051 ENST00000463166 1 77562416 77683419 -1
1052 ENST00000469944 1 77562416 77683419 -1
1053 ENST00000458763 1 77562416 77683419 -1
1054 ENST00000515976 1 77614869 77614952 1
1055 ENST00000470869 1 77645324 77645618 1
1056 ENST00000370794 1 77695987 77759852 -1
1057 ENST00000481579 1 77695987 77759852 -1
1058 ENST00000370793 1 77695987 77759852 -1
1059 ENST00000533928 1 77695987 77759852 -1
1060 ENST00000477949 1 77695987 77759852 -1
1061 ENST00000370792 1 77695987 77759852 -1
1062 ENST00000527390 1 77695987 77759852 -1
1063 ENST00000472462 1 77695987 77759852 -1
1064 ENST00000498328 1 77695987 77759852 -1
1065 ENST00000461986 1 77695987 77759852 -1
1066 ENST00000531637 1 77695987 77759852 -1
1067 ENST00000462192 1 77695987 77759852 -1
1068 ENST00000524536 1 77695987 77759852 -1
1069 ENST00000525113 1 77695987 77759852 -1
1070 ENST00000528150 1 77695987 77759852 -1
1071 ENST00000530709 1 77695987 77759852 -1
1072 ENST00000524778 1 77695987 77759852 -1
1073 ENST00000357428 1 77695987 77759852 -1
1074 ENST00000431536 1 77773865 77774864 -1
1075 ENST00000370791 1 77779624 77879539 1
1076 ENST00000645756 1 77779624 77879539 1
1077 ENST00000643143 1 77779624 77879539 1
1078 ENST00000643390 1 77779624 77879539 1
1079 ENST00000642959 1 77779624 77879539 1
1080 ENST00000646892 1 77779624 77879539 1
1081 ENST00000645526 1 77779624 77879539 1
1082 ENST00000476203 1 77779624 77879539 1
1083 ENST00000443751 1 77779624 77879539 1
1084 ENST00000410917 1 77779904 77779999 1
1085 ENST00000427577 1 77810861 77811781 -1
1086 ENST00000444067 1 77847110 77848802 1
1087 ENST00000455484 1 77853355 77853893 1
1088 ENST00000421331 1 77881348 77889539 -1
1089 ENST00000401035 1 77888513 77943895 1
1090 ENST00000334785 1 77888513 77943895 1
1091 ENST00000440324 1 77888513 77943895 1
1092 ENST00000342754 1 77888513 77943895 1
1093 ENST00000464998 1 77888513 77943895 1
1094 ENST00000480732 1 77888513 77943895 1
1095 ENST00000470735 1 77888513 77943895 1
1096 ENST00000330010 1 77888513 77943895 1
1097 ENST00000483894 1 77944055 77979110 -1
1098 ENST00000480673 1 77944055 77979110 -1
1099 ENST00000474632 1 77944055 77979110 -1
1100 ENST00000489495 1 77944055 77979110 -1
1101 ENST00000488814 1 77944055 77979110 -1
1102 ENST00000492405 1 77944055 77979110 -1
1103 ENST00000492724 1 77944055 77979110 -1
1104 ENST00000294623 1 77944055 77979110 -1
1105 ENST00000370768 1 77944055 77979110 -1
1106 ENST00000370767 1 77944055 77979110 -1
1107 ENST00000487684 1 77944055 77979110 -1
1108 ENST00000470287 1 77944055 77979110 -1
1109 ENST00000421641 1 77944055 77979110 -1
1110 ENST00000487931 1 77979175 78017964 1
1111 ENST00000477671 1 77979175 78017964 1
1112 ENST00000484662 1 77979175 78017964 1
1113 ENST00000426517 1 77979175 78017964 1
1114 ENST00000370763 1 77979175 78017964 1
1115 ENST00000476396 1 77979175 78017964 1
1116 ENST00000476882 1 77979542 78138444 1
1117 ENST00000370759 1 77979542 78138444 1
1118 ENST00000608684 1 78004346 78004554 -1
1119 ENST00000650170 1 78022565 78024861 -1
1120 ENST00000265259 1 78043383 78044148 -1
1121 ENST00000516149 1 78088988 78089083 -1
1122 ENST00000448345 1 78091499 78092054 1
1123 ENST00000365393 1 78094807 78094915 -1
1124 ENST00000443064 1 78170481 78171237 -1
1125 ENST00000436742 1 78229599 78369464 1
1126 ENST00000413519 1 78229599 78369464 1
1127 ENST00000370758 1 78303884 78540701 1
1128 ENST00000497923 1 78303884 78540701 1
1129 ENST00000370757 1 78303884 78540701 1
1130 ENST00000370756 1 78303884 78540701 1
1131 ENST00000419107 1 78317157 78317263 -1
1132 ENST00000391006 1 78375164 78375268 -1
1133 ENST00000679998 1 78619902 78646145 1
1134 ENST00000452835 1 78619902 78646145 1
1135 ENST00000681613 1 78619902 78646145 1
1136 ENST00000681501 1 78619902 78646145 1
1137 ENST00000476521 1 78619902 78646145 1
1138 ENST00000370751 1 78619902 78646145 1
1139 ENST00000459784 1 78619902 78646145 1
1140 ENST00000680110 1 78619902 78646145 1
1141 ENST00000680295 1 78619902 78646145 1
1142 ENST00000476876 1 78619902 78646145 1
1143 ENST00000679848 1 78619902 78646145 1
1144 ENST00000486882 1 78619902 78646145 1
1145 ENST00000462041 1 78619902 78646145 1
1146 ENST00000450498 1 78619902 78646145 1
1147 ENST00000474002 1 78619902 78646145 1
1148 ENST00000680621 1 78619902 78646145 1
1149 ENST00000494910 1 78619902 78646145 1
1150 ENST00000679651 1 78619902 78646145 1
1151 ENST00000470323 1 78649796 78664078 1
1152 ENST00000370747 1 78649796 78664078 1
1153 ENST00000438486 1 78649796 78664078 1
1154 ENST00000495254 1 78649796 78664078 1
1155 ENST00000467790 1 78649796 78664078 1
1156 ENST00000472152 1 78649796 78664078 1
1157 ENST00000485662 1 78649796 78664078 1
1158 ENST00000476911 1 78649796 78664078 1
1159 ENST00000446486 1 78649796 78664078 1
1160 ENST00000427236 1 78666272 78666695 1
1161 ENST00000444644 1 78749073 78750659 1
1162 ENST00000401034 1 78889764 79282124 -1
1163 ENST00000370742 1 78889764 79282124 -1
1164 ENST00000671209 1 78889764 79282124 -1
1165 ENST00000661030 1 78889764 79282124 -1
1166 ENST00000640664 1 78889764 79282124 -1
1167 ENST00000655029 1 78889764 79282124 -1
1168 ENST00000656841 1 78889764 79282124 -1
1169 ENST00000662895 1 78889764 79282124 -1
1170 ENST00000661361 1 78889764 79282124 -1
1171 ENST00000664452 1 78889764 79282124 -1
1172 ENST00000656300 1 78889764 79282124 -1
1173 ENST00000659463 1 78889764 79282124 -1
1174 ENST00000662530 1 78889764 79282124 -1
1175 ENST00000662640 1 78889764 79282124 -1
1176 ENST00000659905 1 78889764 79282124 -1
1177 ENST00000656204 1 78889764 79282124 -1
1178 ENST00000659100 1 78889764 79282124 -1
1179 ENST00000439132 1 79054945 79056055 -1
1180 ENST00000635706 1 79323769 79324852 -1
1181 ENST00000415629 1 79323769 79324863 1
1182 ENST00000645557 1 79325008 79346445 1
1183 ENST00000425922 1 79521080 79522203 1
1184 ENST00000644002 1 79967733 80051404 -1
1185 ENST00000416270 1 80092103 80093237 -1
1186 ENST00000567886 1 80114943 80116918 1
1187 ENST00000620434 1 80124004 80124361 1
1188 ENST00000438801 1 80283352 80283970 1
1189 ENST00000458146 1 80373364 80374621 -1
1190 ENST00000411674 1 80451083 80452004 -1
1191 ENST00000434465 1 80464301 80464718 -1
1192 ENST00000447525 1 80495903 80496233 1
1193 ENST00000437080 1 80534978 80584363 -1
1194 ENST00000418041 1 80535755 80646791 1
1195 ENST00000443104 1 80535755 80646791 1
1196 ENST00000443565 1 80535755 80646791 1
1197 ENST00000659969 1 80535755 80646791 1
1198 ENST00000456663 1 81080790 81081171 1
1199 ENST00000417407 1 81098267 81099005 -1
1200 ENST00000426688 1 81208568 81209210 1
1201 ENST00000642971 1 81209834 81222076 1
1202 ENST00000411094 1 81251789 81252096 1
1203 ENST00000674378 1 81306147 81992436 1
1204 ENST00000674386 1 81306147 81992436 1
1205 ENST00000473719 1 81306147 81992436 1
1206 ENST00000370721 1 81306147 81992436 1
1207 ENST00000370727 1 81306147 81992436 1
1208 ENST00000370725 1 81306147 81992436 1
1209 ENST00000370723 1 81306147 81992436 1
1210 ENST00000370728 1 81306147 81992436 1
1211 ENST00000370730 1 81306147 81992436 1
1212 ENST00000492666 1 81306147 81992436 1
1213 ENST00000469377 1 81306147 81992436 1
1214 ENST00000674458 1 81306147 81992436 1
1215 ENST00000359929 1 81306147 81992436 1
1216 ENST00000674489 1 81306147 81992436 1
1217 ENST00000674442 1 81306147 81992436 1
1218 ENST00000674419 1 81306147 81992436 1
1219 ENST00000674407 1 81306147 81992436 1
1220 ENST00000674168 1 81306147 81992436 1
1221 ENST00000674307 1 81306147 81992436 1
1222 ENST00000674209 1 81306147 81992436 1
1223 ENST00000370715 1 81306147 81992436 1
1224 ENST00000370713 1 81306147 81992436 1
1225 ENST00000319517 1 81306147 81992436 1
1226 ENST00000674367 1 81306147 81992436 1
1227 ENST00000674410 1 81306147 81992436 1
1228 ENST00000674373 1 81306147 81992436 1
1229 ENST00000674492 1 81306147 81992436 1
1230 ENST00000674333 1 81306147 81992436 1
1231 ENST00000674393 1 81306147 81992436 1
1232 ENST00000674208 1 81306147 81992436 1
1233 ENST00000449420 1 81306147 81992436 1
1234 ENST00000468283 1 81306147 81992436 1
1235 ENST00000674198 1 81306147 81992436 1
1236 ENST00000464775 1 81306147 81992436 1
1237 ENST00000674464 1 81306147 81992436 1
1238 ENST00000402328 1 81306147 81992436 1
1239 ENST00000472424 1 81306147 81992436 1
1240 ENST00000498776 1 81306147 81992436 1
1241 ENST00000464551 1 81306147 81992436 1
1242 ENST00000627151 1 81306147 81992436 1
1243 ENST00000370717 1 81306147 81992436 1
1244 ENST00000444546 1 81426456 81427605 1
1245 ENST00000448213 1 81501794 81503468 1
1246 ENST00000439024 1 81505099 81506296 1
1247 ENST00000443939 1 81513880 81557702 -1
1248 ENST00000454831 1 81557121 81557832 -1
1249 ENST00000430748 1 81585941 81625713 -1
1250 ENST00000438968 1 81596157 81596506 -1
1251 ENST00000447996 1 81721693 81723068 1
1252 ENST00000650063 1 82212413 82848205 -1
1253 ENST00000420549 1 82212413 82848205 -1
1254 ENST00000649204 1 82212413 82848205 -1
1255 ENST00000649182 1 82212413 82848205 -1
1256 ENST00000653483 1 82212413 82848205 -1
1257 ENST00000663002 1 82212413 82848205 -1
1258 ENST00000452901 1 82903183 83166815 1
1259 ENST00000419658 1 82903183 83166815 1
1260 ENST00000659533 1 82903183 83166815 1
1261 ENST00000669455 1 82903183 83166815 1
1262 ENST00000452834 1 82970820 82986208 -1
1263 ENST00000421931 1 82970820 82986208 -1
1264 ENST00000655348 1 82970820 82986208 -1
1265 ENST00000659693 1 82970820 82986208 -1
1266 ENST00000647626 1 83397555 83425353 -1
1267 ENST00000446227 1 83445967 83480024 1
1268 ENST00000660423 1 83445967 83480024 1
1269 ENST00000664539 1 83445967 83480024 1
1270 ENST00000417975 1 83575776 83861023 -1
1271 ENST00000457273 1 83575776 83861023 -1
1272 ENST00000417565 1 83575776 83861023 -1
1273 ENST00000413975 1 83575776 83861023 -1
1274 ENST00000419733 1 83575776 83861023 -1
1275 ENST00000670031 1 83575776 83861023 -1
1276 ENST00000662803 1 83575776 83861023 -1
1277 ENST00000657125 1 83575776 83861023 -1
1278 ENST00000439186 1 83790280 83801465 1
1279 ENST00000472688 1 83865024 83999150 -1
1280 ENST00000480174 1 83865024 83999150 -1
1281 ENST00000477524 1 83865024 83999150 -1
1282 ENST00000488014 1 83865024 83999150 -1
1283 ENST00000260505 1 83865024 83999150 -1
1284 ENST00000474957 1 83865024 83999150 -1
1285 ENST00000480533 1 83865024 83999150 -1
1286 ENST00000472937 1 83865024 83999150 -1
1287 ENST00000485638 1 83865024 83999150 -1
1288 ENST00000464289 1 83865024 83999150 -1
1289 ENST00000474702 1 83865024 83999150 -1
1290 ENST00000482783 1 83865024 83999150 -1
1291 ENST00000467670 1 83865024 83999150 -1
1292 ENST00000610996 1 83865024 83999150 -1
1293 ENST00000455929 1 83979118 83984300 -1
1294 ENST00000421341 1 84015865 84018371 -1
1295 ENST00000646678 1 84038529 84065031 1
1296 ENST00000605506 1 84076331 84077931 -1
1297 ENST00000370689 1 84078062 84238498 1
1298 ENST00000370688 1 84078062 84238498 1
1299 ENST00000370685 1 84078062 84238498 1
1300 ENST00000470673 1 84078062 84238498 1
1301 ENST00000370684 1 84078062 84238498 1
1302 ENST00000436133 1 84078062 84238498 1
1303 ENST00000446538 1 84078062 84238498 1
1304 ENST00000432111 1 84078062 84238498 1
1305 ENST00000450730 1 84078062 84238498 1
1306 ENST00000370680 1 84078062 84238498 1
1307 ENST00000413538 1 84078062 84238498 1
1308 ENST00000417530 1 84078062 84238498 1
1309 ENST00000394839 1 84078062 84238498 1
1310 ENST00000467507 1 84078062 84238498 1
1311 ENST00000610703 1 84078062 84238498 1
1312 ENST00000614872 1 84078062 84238498 1
1313 ENST00000610457 1 84078062 84238498 1
1314 ENST00000370682 1 84078062 84238498 1
1315 ENST00000394838 1 84078062 84238498 1
1316 ENST00000448052 1 84085741 84086233 1
1317 ENST00000441775 1 84244334 84244577 1
1318 ENST00000363089 1 84277321 84277457 1
1319 ENST00000370673 1 84298366 84389957 1
1320 ENST00000370671 1 84298366 84389957 1
1321 ENST00000463429 1 84298366 84389957 1
1322 ENST00000394834 1 84298366 84389957 1
1323 ENST00000370669 1 84298366 84389957 1
1324 ENST00000479082 1 84298366 84389957 1
1325 ENST00000370668 1 84298366 84389957 1
1326 ENST00000370670 1 84298366 84389957 1
1327 ENST00000454967 1 84298366 84389957 1
1328 ENST00000510918 1 84344678 84349939 1
1329 ENST00000505585 1 84344678 84349939 1
1330 ENST00000506295 1 84344678 84349939 1
1331 ENST00000640983 1 84363706 84397831 -1
1332 ENST00000638856 1 84363706 84397831 -1
1333 ENST00000638373 1 84363706 84397831 -1
1334 ENST00000471089 1 84363706 84397831 -1
1335 ENST00000483236 1 84363706 84397831 -1
1336 ENST00000370665 1 84398484 84415018 1
1337 ENST00000370662 1 84398484 84415018 1
1338 ENST00000644783 1 84477039 84479157 1
1339 ENST00000370656 1 84479259 84498352 1
1340 ENST00000370654 1 84479259 84498352 1
1341 ENST00000487806 1 84498325 84506581 -1
1342 ENST00000370645 1 84498325 84506581 -1
1343 ENST00000370641 1 84498325 84506581 -1
1344 ENST00000649871 1 84498350 84556688 -1
1345 ENST00000484939 1 84506300 84566194 1
1346 ENST00000468437 1 84506300 84566194 1
1347 ENST00000490879 1 84506300 84566194 1
1348 ENST00000485121 1 84506300 84566194 1
1349 ENST00000473108 1 84506300 84566194 1
1350 ENST00000460286 1 84506300 84566194 1
1351 ENST00000370630 1 84549611 84574480 -1
1352 ENST00000477677 1 84549611 84574480 -1
1353 ENST00000465118 1 84549611 84574480 -1
1354 ENST00000370625 1 84549611 84574480 -1
1355 ENST00000646567 1 84574129 84583620 1
1356 ENST00000644618 1 84574129 84583620 1
1357 ENST00000644179 1 84607099 84610697 1
1358 ENST00000370624 1 84628230 84635020 -1
1359 ENST00000418010 1 84636158 84637106 -1
1360 ENST00000342203 1 84643706 84690803 -1
1361 ENST00000481102 1 84643706 84690803 -1
1362 ENST00000476905 1 84643706 84690803 -1
1363 ENST00000605755 1 84643706 84690803 -1
1364 ENST00000603677 1 84643706 84690803 -1
1365 ENST00000490476 1 84643706 84690803 -1
1366 ENST00000459708 1 84643706 84690803 -1
1367 ENST00000460500 1 84643706 84690803 -1
1368 ENST00000422026 1 84643706 84690803 -1
1369 ENST00000437941 1 84643706 84690803 -1
1370 ENST00000643511 1 84785427 84786714 1
1371 ENST00000440886 1 84811602 84893206 -1
1372 ENST00000491034 1 84811602 84893206 -1
1373 ENST00000370611 1 84811602 84893206 -1
1374 ENST00000370608 1 84925583 84997113 -1
1375 ENST00000463065 1 84925583 84997113 -1
1376 ENST00000530971 1 84925583 84997113 -1
1377 ENST00000284027 1 84925583 84997113 -1
1378 ENST00000531325 1 84925583 84997113 -1
1379 ENST00000531874 1 84925583 84997113 -1
1380 ENST00000370596 1 84999147 85133138 1
1381 ENST00000326813 1 84999147 85133138 1
1382 ENST00000294664 1 84999147 85133138 1
1383 ENST00000528899 1 84999147 85133138 1
1384 ENST00000464801 1 84999147 85133138 1
1385 ENST00000484007 1 84999147 85133138 1
1386 ENST00000370589 1 85018082 85048500 -1
1387 ENST00000474447 1 85018082 85048500 -1
1388 ENST00000341115 1 85018082 85048500 -1
1389 ENST00000370587 1 85018082 85048500 -1
1390 ENST00000490600 1 85018082 85048500 -1
1391 ENST00000475312 1 85018082 85048500 -1
1392 ENST00000580922 1 85133794 85133873 1
1393 ENST00000624216 1 85152487 85154203 -1
1394 ENST00000341460 1 85156889 85201016 -1
1395 ENST00000234668 1 85156889 85201016 -1
1396 ENST00000471115 1 85249953 85259672 -1
1397 ENST00000294661 1 85249953 85259672 -1
1398 ENST00000344356 1 85249953 85259672 -1
1399 ENST00000493514 1 85249953 85259672 -1
1400 ENST00000411322 1 85264296 85264402 1
1401 ENST00000648566 1 85265776 85276632 -1
1402 ENST00000620248 1 85265776 85276632 -1
1403 ENST00000650582 1 85265776 85276632 -1
1404 ENST00000649434 1 85265776 85276632 -1
1405 ENST00000649060 1 85265776 85276632 -1
1406 ENST00000654182 1 85276388 85448124 1
1407 ENST00000427819 1 85276388 85448124 1
1408 ENST00000426125 1 85276388 85448124 1
1409 ENST00000426972 1 85318481 85578363 -1
1410 ENST00000284031 1 85318481 85578363 -1
1411 ENST00000633113 1 85318481 85578363 -1
1412 ENST00000362589 1 85435175 85435284 -1
1413 ENST00000610230 1 85467295 85467660 1
1414 ENST00000488557 1 85482281 85578250 -1
1415 ENST00000498304 1 85482281 85578250 -1
1416 ENST00000467530 1 85482281 85578250 -1
1417 ENST00000472448 1 85482281 85578250 -1
1418 ENST00000467666 1 85482281 85578250 -1
1419 ENST00000609367 1 85578500 85578742 -1
1420 ENST00000451137 1 85580761 85584589 1
1421 ENST00000676007 1 85580761 85584589 1
1422 ENST00000674818 1 85580761 85584589 1
1423 ENST00000674743 1 85580761 85584589 1
1424 ENST00000480413 1 85580761 85584589 1
1425 ENST00000675083 1 85580761 85584589 1
1426 ENST00000363064 1 85592280 85592356 1
1427 ENST00000426794 1 85599131 85600734 1
1428 ENST00000370574 1 85649417 85708433 -1
1429 ENST00000431532 1 85649417 85708433 -1
1430 ENST00000370571 1 85729233 86156943 -1
1431 ENST00000426639 1 85729233 86156943 -1
1432 ENST00000473734 1 85729233 86156943 -1
1433 ENST00000496682 1 85729233 86156943 -1
1434 ENST00000485434 1 85729233 86156943 -1
1435 ENST00000364750 1 85883680 85883798 -1
1436 ENST00000417340 1 86029854 86030589 1
1437 ENST00000645733 1 86288704 86320711 -1
1438 ENST00000647509 1 86288704 86320711 -1
1439 ENST00000643804 1 86288704 86320711 -1
1440 ENST00000359242 1 86346824 86396342 -1
1441 ENST00000460698 1 86346824 86396342 -1
1442 ENST00000370566 1 86346824 86396342 -1
1443 ENST00000462648 1 86346824 86396342 -1
1444 ENST00000294678 1 86346824 86396342 -1
1445 ENST00000531412 1 86346824 86396342 -1
1446 ENST00000476054 1 86346824 86396342 -1
1447 ENST00000473792 1 86346824 86396342 -1
1448 ENST00000524695 1 86346824 86396342 -1
1449 ENST00000472144 1 86346824 86396342 -1
1450 ENST00000463933 1 86346824 86396342 -1
1451 ENST00000534092 1 86346824 86396342 -1
1452 ENST00000496592 1 86346824 86396342 -1
1453 ENST00000488879 1 86346824 86396342 -1
1454 ENST00000479890 1 86346824 86396342 -1
1455 ENST00000486557 1 86346824 86396342 -1
1456 ENST00000472368 1 86346824 86396342 -1
1457 ENST00000480440 1 86346824 86396342 -1
1458 ENST00000394733 1 86346824 86396342 -1
1459 ENST00000478286 1 86346824 86396342 -1
1460 ENST00000486215 1 86346824 86396342 -1
1461 ENST00000317336 1 86346824 86396342 -1
1462 ENST00000618009 1 86357632 86357687 -1
1463 ENST00000454884 1 86404176 86404866 -1
1464 ENST00000370565 1 86424171 86456553 1
1465 ENST00000490884 1 86424171 86456553 1
1466 ENST00000498802 1 86424171 86456553 1
1467 ENST00000234701 1 86468368 86500259 1
1468 ENST00000394711 1 86468368 86500259 1
1469 ENST00000370563 1 86547078 86580754 1
1470 ENST00000496322 1 86547078 86580754 1
1471 ENST00000441182 1 86552625 86553342 -1
1472 ENST00000456587 1 86571181 86696311 -1
1473 ENST00000650379 1 86571181 86696311 -1
1474 ENST00000284054 1 86634273 86655376 1
1475 ENST00000490028 1 86634273 86655376 1
1476 ENST00000466454 1 86634273 86655376 1
1477 ENST00000565575 1 86703502 86704462 -1
1478 ENST00000370558 1 86704570 86748184 1
1479 ENST00000482504 1 86704570 86748184 1
1480 ENST00000602603 1 86704570 86748184 1
1481 ENST00000616170 1 86704570 86748184 1
1482 ENST00000535010 1 86704570 86748184 1
1483 ENST00000447415 1 86784913 86785467 1
1484 ENST00000646669 1 86821558 86834169 -1
1485 ENST00000331835 1 86862445 86914424 -1
1486 ENST00000370554 1 86862445 86914424 -1
1487 ENST00000648872 1 86862445 86914424 -1
1488 ENST00000469566 1 86862445 86914424 -1
1489 ENST00000401030 1 86862445 86914424 -1
1490 ENST00000497861 1 86862445 86914424 -1
1491 ENST00000467557 1 86862445 86914424 -1
1492 ENST00000611507 1 86862445 86914424 -1
1493 ENST00000616787 1 86862445 86914424 -1
1494 ENST00000370551 1 86914635 87109982 1
1495 ENST00000370550 1 86914635 87109982 1
1496 ENST00000591456 1 86914635 87109982 1
1497 ENST00000585888 1 86932199 86934891 -1
1498 ENST00000370548 1 86993009 87169204 1
1499 ENST00000420734 1 87044935 87045871 -1
1500 ENST00000440164 1 87045875 87046700 1
1501 ENST00000469312 1 87129765 87169198 1
1502 ENST00000490006 1 87129765 87169198 1
1503 ENST00000471417 1 87129765 87169198 1
1504 ENST00000461990 1 87129765 87169198 1
1505 ENST00000590653 1 87129765 87169198 1
1506 ENST00000476432 1 87129765 87169198 1
1507 ENST00000467438 1 87129765 87169198 1
1508 ENST00000484933 1 87129765 87169198 1
1509 ENST00000589455 1 87129765 87169198 1
1510 ENST00000587165 1 87129765 87169198 1
1511 ENST00000619924 1 87129765 87169198 1
1512 ENST00000640491 1 87212669 87264741 1
1513 ENST00000640362 1 87212669 87264741 1
1514 ENST00000640794 1 87212669 87264741 1
1515 ENST00000370544 1 87328880 87348923 1
1516 ENST00000495705 1 87328880 87348923 1
1517 ENST00000370542 1 87328880 87348923 1
1518 ENST00000489303 1 87328880 87348923 1
1519 ENST00000452509 1 87353521 87371683 -1
1520 ENST00000362448 1 87453240 87453373 -1
1521 ENST00000642677 1 87620803 88685204 -1
1522 ENST00000645056 1 87620803 88685204 -1
1523 ENST00000644540 1 87620803 88685204 -1
1524 ENST00000643530 1 87620803 88685204 -1
1525 ENST00000437598 1 87620803 88685204 -1
1526 ENST00000643720 1 87620803 88685204 -1
1527 ENST00000646400 1 87620803 88685204 -1
1528 ENST00000645890 1 87620803 88685204 -1
1529 ENST00000458097 1 87620803 88685204 -1
1530 ENST00000425750 1 87620803 88685204 -1
1531 ENST00000669398 1 87620803 88685204 -1
1532 ENST00000670439 1 87620803 88685204 -1
1533 ENST00000657030 1 87620803 88685204 -1
1534 ENST00000623157 1 87805286 87808372 -1
1535 ENST00000603130 1 88313153 88313302 1
1536 ENST00000662514 1 88462936 88464079 1
1537 ENST00000475692 1 88477828 88478114 -1
1538 ENST00000415219 1 88498309 88498676 -1
1539 ENST00000613544 1 88520000 88520170 1
1540 ENST00000421785 1 88577880 88578201 1
1541 ENST00000316005 1 88684222 88836255 1
1542 ENST00000370521 1 88684222 88836255 1
1543 ENST00000436111 1 88684222 88836255 1
1544 ENST00000449189 1 88684222 88836255 1
1545 ENST00000495119 1 88684222 88836255 1
1546 ENST00000370513 1 88684222 88836255 1
1547 ENST00000384505 1 88816779 88816885 1
1548 ENST00000411919 1 88829102 88829419 1
1549 ENST00000370500 1 88852633 88891944 -1
1550 ENST00000448623 1 88852633 88891944 -1
1551 ENST00000494819 1 88852633 88891944 -1
1552 ENST00000418217 1 88852633 88891944 -1
1553 ENST00000486078 1 88852633 88891944 -1
1554 ENST00000471296 1 88852633 88891944 -1
1555 ENST00000471471 1 88852633 88891944 -1
1556 ENST00000450381 1 88923370 88923844 1
1557 ENST00000446900 1 88935773 88992953 -1
1558 ENST00000370491 1 88935773 88992953 -1
1559 ENST00000260508 1 88935773 88992953 -1
1560 ENST00000370486 1 88935773 88992953 -1
1561 ENST00000652648 1 88979456 88992960 -1
1562 ENST00000321792 1 88979456 88992960 -1
1563 ENST00000399794 1 88979456 88992960 -1
1564 ENST00000413769 1 88979456 88992960 -1
1565 ENST00000370482 1 89006679 89022894 -1
1566 ENST00000489444 1 89006679 89022894 -1
1567 ENST00000370481 1 89006679 89022894 -1
1568 ENST00000493594 1 89006679 89022894 -1
1569 ENST00000235878 1 89006679 89022894 -1
1570 ENST00000461384 1 89006679 89022894 -1
1571 ENST00000445969 1 89006679 89022894 -1
1572 ENST00000564665 1 89006679 89022894 -1
1573 ENST00000475853 1 89006679 89022894 -1
1574 ENST00000568006 1 89006679 89022894 -1
1575 ENST00000564037 1 89006679 89022894 -1
1576 ENST00000365515 1 89020246 89020365 -1
1577 ENST00000459831 1 89051882 89065360 -1
1578 ENST00000370473 1 89051882 89065360 -1
1579 ENST00000495131 1 89051882 89065360 -1
1580 ENST00000484970 1 89051882 89065360 -1
1581 ENST00000468959 1 89051882 89065360 -1
1582 ENST00000479889 1 89051882 89065360 -1
1583 ENST00000681280 1 89051882 89065360 -1
1584 ENST00000493139 1 89051882 89065360 -1
1585 ENST00000469194 1 89051882 89065360 -1
1586 ENST00000439531 1 89104285 89104767 -1
1587 ENST00000370466 1 89106132 89150456 -1
1588 ENST00000464839 1 89106132 89150456 -1
1589 ENST00000493802 1 89106132 89150456 -1
1590 ENST00000463660 1 89106132 89150456 -1
1591 ENST00000654891 1 89128432 89144695 1
1592 ENST00000294671 1 89131742 89176009 -1
1593 ENST00000650452 1 89131742 89176009 -1
1594 ENST00000355754 1 89181144 89198942 -1
1595 ENST00000471938 1 89181144 89198942 -1
1596 ENST00000481397 1 89181144 89198942 -1
1597 ENST00000641099 1 89198714 89207040 1
1598 ENST00000642066 1 89203280 89203464 -1
1599 ENST00000481145 1 89258950 89272804 -1
1600 ENST00000471171 1 89258950 89272804 -1
1601 ENST00000370459 1 89258950 89272804 -1
1602 ENST00000490568 1 89258950 89272804 -1
1603 ENST00000443807 1 89258950 89272804 -1
1604 ENST00000437128 1 89260582 89269754 1
1605 ENST00000446360 1 89289676 89290337 -1
1606 ENST00000428912 1 89324522 89334880 1
1607 ENST00000370456 1 89364059 89388160 1
1608 ENST00000401029 1 89394033 89394665 1
1609 ENST00000513638 1 89407679 89426243 1
1610 ENST00000394662 1 89407679 89426243 1
1611 ENST00000671515 1 89427533 89525472 -1
1612 ENST00000655391 1 89427533 89525472 -1
1613 ENST00000662176 1 89427533 89525472 -1
1614 ENST00000439853 1 89524829 89597861 1
1615 ENST00000449440 1 89524829 89597861 1
1616 ENST00000640258 1 89524829 89597861 1
1617 ENST00000639264 1 89524829 89597861 1
1618 ENST00000330947 1 89524829 89597861 1
1619 ENST00000676334 1 89579592 89579654 1
1620 ENST00000660444 1 89581291 89632916 -1
1621 ENST00000443562 1 89581291 89632916 -1
1622 ENST00000666228 1 89581291 89632916 -1
1623 ENST00000655657 1 89581291 89632916 -1
1624 ENST00000666079 1 89581291 89632916 -1
1625 ENST00000660266 1 89581291 89632916 -1
1626 ENST00000415584 1 89581291 89632916 -1
1627 ENST00000655898 1 89581291 89632916 -1
1628 ENST00000526694 1 89581291 89632916 -1
1629 ENST00000666432 1 89581291 89632916 -1
1630 ENST00000528692 1 89581291 89632916 -1
1631 ENST00000429074 1 89629725 89676386 1
1632 ENST00000479252 1 89633072 89769903 1
1633 ENST00000370454 1 89633072 89769903 1
1634 ENST00000482063 1 89633072 89769903 1
1635 ENST00000416805 1 89633072 89769903 1
1636 ENST00000370453 1 89633140 89933250 1
1637 ENST00000440817 1 89661212 89661353 -1
1638 ENST00000432395 1 89788914 89790492 1
1639 ENST00000609194 1 89820174 89820868 -1
1640 ENST00000525774 1 89821014 89936611 1
1641 ENST00000337338 1 89821014 89936611 1
1642 ENST00000394593 1 89821014 89936611 1
1643 ENST00000532201 1 89821014 89936611 1
1644 ENST00000414841 1 89821014 89936611 1
1645 ENST00000527156 1 89821014 89936611 1
1646 ENST00000441269 1 89821014 89936611 1
1647 ENST00000608671 1 89939601 89940147 1
1648 ENST00000516988 1 89987713 89987944 -1
1649 ENST00000380526 1 89993593 89994321 -1
1650 ENST00000394583 1 89995110 90035533 1
1651 ENST00000340281 1 89995110 90035533 1
1652 ENST00000361911 1 89995110 90035533 1
1653 ENST00000370447 1 89995110 90035533 1
1654 ENST00000667592 1 90045998 90047109 1
1655 ENST00000663908 1 90242088 90284188 1
1656 ENST00000391157 1 90253456 90253559 -1
1657 ENST00000653744 1 90388193 90420396 -1
1658 ENST00000661553 1 90388193 90420396 -1
1659 ENST00000655087 1 90388193 90420396 -1
1660 ENST00000435832 1 90510910 90533472 -1
1661 ENST00000362796 1 90657750 90657964 1
1662 ENST00000370445 1 90711539 90717302 -1
1663 ENST00000660766 1 90719576 90725620 1
1664 ENST00000659815 1 90719576 90725620 1
1665 ENST00000662386 1 90719576 90725620 1
1666 ENST00000659034 1 90769086 90851658 -1
1667 ENST00000634619 1 90769086 90851658 -1
1668 ENST00000635581 1 90769086 90851658 -1
1669 ENST00000455680 1 90769086 90851658 -1
1670 ENST00000606660 1 90769086 90851658 -1
1671 ENST00000635959 1 90769086 90851658 -1
1672 ENST00000443802 1 90769086 90851658 -1
1673 ENST00000636917 1 90769086 90851658 -1
1674 ENST00000637260 1 90769086 90851658 -1
1675 ENST00000652632 1 90769086 90851658 -1
1676 ENST00000655784 1 90769086 90851658 -1
1677 ENST00000666920 1 90769086 90851658 -1
1678 ENST00000664774 1 90769086 90851658 -1
1679 ENST00000653770 1 90769086 90851658 -1
1680 ENST00000668679 1 90769086 90851658 -1
1681 ENST00000657053 1 90769086 90851658 -1
1682 ENST00000670437 1 90769086 90851658 -1
1683 ENST00000670028 1 90769086 90851658 -1
1684 ENST00000669273 1 90769086 90851658 -1
1685 ENST00000671243 1 90769086 90851658 -1
1686 ENST00000664159 1 90769086 90851658 -1
1687 ENST00000435649 1 90769086 90851658 -1
1688 ENST00000671059 1 90769086 90851658 -1
1689 ENST00000658618 1 90769086 90851658 -1
1690 ENST00000670363 1 90769086 90851658 -1
1691 ENST00000650406 1 90835660 90849472 1
1692 ENST00000662449 1 90835660 90849472 1
1693 ENST00000425185 1 90851122 90855253 1
1694 ENST00000655113 1 90851122 90855253 1
1695 ENST00000606898 1 90860550 90862920 -1
1696 ENST00000420457 1 90892992 90893612 -1
1697 ENST00000370440 1 90915298 91022272 -1
1698 ENST00000347275 1 90915298 91022272 -1
1699 ENST00000361321 1 90915298 91022272 -1
1700 ENST00000467231 1 90915298 91022272 -1
1701 ENST00000479798 1 90915298 91022272 -1
1702 ENST00000482709 1 90915298 91022272 -1
1703 ENST00000498303 1 90915298 91022272 -1
1704 ENST00000474405 1 90915298 91022272 -1
1705 ENST00000495966 1 90915298 91022272 -1
1706 ENST00000482467 1 90915298 91022272 -1
1707 ENST00000337393 1 90915298 91022272 -1
1708 ENST00000621077 1 90915298 91022272 -1
1709 ENST00000425640 1 91023919 91024804 1
1710 ENST00000462405 1 91260766 91404856 -1
1711 ENST00000370425 1 91260766 91404856 -1
1712 ENST00000430465 1 91260766 91404856 -1
1713 ENST00000497520 1 91260766 91404856 -1
1714 ENST00000481900 1 91260766 91404856 -1
1715 ENST00000488023 1 91260766 91404856 -1
1716 ENST00000448819 1 91260766 91404856 -1
1717 ENST00000427444 1 91260766 91404856 -1
1718 ENST00000455133 1 91260766 91404856 -1
1719 ENST00000384090 1 91261625 91261724 1
1720 ENST00000401028 1 91328369 91329513 1
1721 ENST00000234626 1 91500851 91525764 1
1722 ENST00000426137 1 91500851 91525764 1
1723 ENST00000497611 1 91500851 91525764 1
1724 ENST00000486509 1 91500851 91525764 1
1725 ENST00000428239 1 91500851 91525764 1
1726 ENST00000444540 1 91534666 91535593 -1
1727 ENST00000439897 1 91600171 91600321 1
1728 ENST00000415545 1 91642516 91644082 1
1729 ENST00000533089 1 91680343 91906335 -1
1730 ENST00000370399 1 91680343 91906335 -1
1731 ENST00000525962 1 91680343 91906335 -1
1732 ENST00000532540 1 91680343 91906335 -1
1733 ENST00000465892 1 91680343 91906335 -1
1734 ENST00000470600 1 91680343 91906335 -1
1735 ENST00000529608 1 91680343 91906335 -1
1736 ENST00000468996 1 91680343 91906335 -1
1737 ENST00000417833 1 91680343 91906335 -1
1738 ENST00000533370 1 91680343 91906335 -1
1739 ENST00000212355 1 91680343 91906335 -1
1740 ENST00000494134 1 91829774 91830066 -1
1741 ENST00000448194 1 91949343 92014426 1
1742 ENST00000470955 1 91949343 92014426 1
1743 ENST00000362005 1 91949343 92014426 1
1744 ENST00000370389 1 91949343 92014426 1
1745 ENST00000394530 1 91949343 92014426 1
1746 ENST00000423434 1 91949343 92014426 1
1747 ENST00000440509 1 91949343 92014426 1
1748 ENST00000426141 1 91949343 92014426 1
1749 ENST00000461218 1 91949343 92014426 1
1750 ENST00000476711 1 91949343 92014426 1
1751 ENST00000449584 1 91949343 92014426 1
1752 ENST00000427104 1 91949343 92014426 1
1753 ENST00000355011 1 91949343 92014426 1
1754 ENST00000399546 1 91949343 92014426 1
1755 ENST00000484833 1 91949343 92014426 1
1756 ENST00000450792 1 91949343 92014426 1
1757 ENST00000548992 1 91949343 92014426 1
1758 ENST00000552654 1 91949343 92014426 1
1759 ENST00000457265 1 91949343 92014426 1
1760 ENST00000402388 1 91949343 92014426 1
1761 ENST00000680541 1 91949343 92014426 1
1762 ENST00000680091 1 91949343 92014426 1
1763 ENST00000484781 1 91949343 92014426 1
1764 ENST00000680194 1 91949343 92014426 1
1765 ENST00000370383 1 92029985 92063538 1
1766 ENST00000480758 1 92029985 92063538 1
1767 ENST00000420263 1 92066306 92067839 1
1768 ENST00000596516 1 92074533 92075441 -1
1769 ENST00000370382 1 92080305 92184725 1
1770 ENST00000635934 1 92080305 92184725 1
1771 ENST00000636805 1 92080305 92184725 1
1772 ENST00000342818 1 92080305 92184725 1
1773 ENST00000642070 1 92080305 92184725 1
1774 ENST00000370378 1 92080305 92184725 1
1775 ENST00000637221 1 92080305 92184725 1
1776 ENST00000674371 1 92080305 92184725 1
1777 ENST00000424043 1 92114803 92115796 -1
1778 ENST00000441422 1 92125301 92126462 1
1779 ENST00000609675 1 92189237 92190707 1
1780 ENST00000411498 1 92203148 92203991 1
1781 ENST00000370375 1 92217915 92245813 1
1782 ENST00000370373 1 92217915 92245813 1
1783 ENST00000435871 1 92229018 92229435 -1
1784 ENST00000370360 1 92246402 92298987 -1
1785 ENST00000495106 1 92246402 92298987 -1
1786 ENST00000471465 1 92246402 92298987 -1
1787 ENST00000495852 1 92246402 92298987 -1
1788 ENST00000463560 1 92246402 92298987 -1
1789 ENST00000487911 1 92246402 92298987 -1
1790 ENST00000610020 1 92299059 92402056 1
1791 ENST00000484158 1 92299059 92402056 1
1792 ENST00000477322 1 92299059 92402056 1
1793 ENST00000470692 1 92402389 92402685 -1
1794 ENST00000294702 1 92473043 92486925 -1
1795 ENST00000370332 1 92473043 92486925 -1
1796 ENST00000427103 1 92473043 92486925 -1
1797 ENST00000483490 1 92473043 92486925 -1
1798 ENST00000684568 1 92508696 92792404 -1
1799 ENST00000370331 1 92508696 92792404 -1
1800 ENST00000540033 1 92508696 92792404 -1
1801 ENST00000491940 1 92508696 92792404 -1
1802 ENST00000492513 1 92508696 92792404 -1
1803 ENST00000468580 1 92508696 92792404 -1
1804 ENST00000492613 1 92508696 92792404 -1
1805 ENST00000474806 1 92508696 92792404 -1
1806 ENST00000466778 1 92508696 92792404 -1
1807 ENST00000413730 1 92580476 92580821 -1
1808 ENST00000441799 1 92647048 92647630 -1
1809 ENST00000364447 1 92700819 92700934 -1
1810 ENST00000440471 1 92732000 92733257 1
1811 ENST00000429959 1 92749175 92749330 -1
1812 ENST00000457810 1 92755794 92756956 1
1813 ENST00000645300 1 92832013 92841924 1
1814 ENST00000370321 1 92832013 92841924 1
1815 ENST00000645119 1 92832013 92841924 1
1816 ENST00000470843 1 92832013 92841924 1
1817 ENST00000646852 1 92832013 92841924 1
1818 ENST00000315741 1 92832013 92841924 1
1819 ENST00000461952 1 92832013 92841924 1
1820 ENST00000645908 1 92832013 92841924 1
1821 ENST00000497519 1 92832013 92841924 1
1822 ENST00000643510 1 92832013 92841924 1
1823 ENST00000644549 1 92832013 92841924 1
1824 ENST00000615519 1 92832737 92961522 -1
1825 ENST00000613047 1 92832737 92961522 -1
1826 ENST00000613902 1 92832737 92961522 -1
1827 ENST00000616709 1 92832737 92961522 -1
1828 ENST00000370310 1 92832737 92961522 -1
1829 ENST00000383953 1 92837289 92837383 1
1830 ENST00000384792 1 92840719 92840851 1
1831 ENST00000384295 1 92846059 92846182 1
1832 ENST00000602631 1 92930696 92934098 1
1833 ENST00000418249 1 92930696 92934098 1
1834 ENST00000516312 1 92969604 92969710 -1
1835 ENST00000464677 1 92974827 92975114 -1
1836 ENST00000664771 1 92978265 92987367 1
1837 ENST00000516943 1 93010257 93010351 1
1838 ENST00000410732 1 93026252 93026542 1
1839 ENST00000516028 1 93027410 93027506 -1
1840 ENST00000540243 1 93079235 93139079 1
1841 ENST00000545708 1 93079235 93139079 1
1842 ENST00000474314 1 93079235 93139079 1
1843 ENST00000473430 1 93079235 93139079 1
1844 ENST00000370298 1 93079235 93139079 1
1845 ENST00000494963 1 93079235 93139079 1
1846 ENST00000471953 1 93079235 93139079 1
1847 ENST00000370303 1 93079235 93139079 1
1848 ENST00000467953 1 93079235 93139079 1
1849 ENST00000497976 1 93079235 93139079 1
1850 ENST00000468457 1 93079235 93139079 1
1851 ENST00000476037 1 93079235 93139079 1
1852 ENST00000487263 1 93079235 93139079 1
1853 ENST00000489480 1 93079235 93139079 1
1854 ENST00000370282 1 93149742 93180516 -1
1855 ENST00000370290 1 93149742 93180516 -1
1856 ENST00000483033 1 93149742 93180516 -1
1857 ENST00000479918 1 93149742 93180516 -1
1858 ENST00000370280 1 93149742 93180516 -1
1859 ENST00000343253 1 93179919 93278730 1
1860 ENST00000528942 1 93179919 93278730 1
1861 ENST00000401026 1 93179919 93278730 1
1862 ENST00000448243 1 93179919 93278730 1
1863 ENST00000370276 1 93179919 93278730 1
1864 ENST00000479653 1 93179919 93278730 1
1865 ENST00000481180 1 93179919 93278730 1
1866 ENST00000455267 1 93179919 93278730 1
1867 ENST00000421014 1 93179919 93278730 1
1868 ENST00000447456 1 93179919 93278730 1
1869 ENST00000413542 1 93190740 93191060 -1
1870 ENST00000426104 1 93199755 93199939 -1
1871 ENST00000413606 1 93262186 93346025 -1
1872 ENST00000602488 1 93262186 93346025 -1
1873 ENST00000457025 1 93262186 93346025 -1
1874 ENST00000446528 1 93262186 93346025 -1
1875 ENST00000451302 1 93262186 93346025 -1
1876 ENST00000415150 1 93262186 93346025 -1
1877 ENST00000455474 1 93262186 93346025 -1
1878 ENST00000447577 1 93262186 93346025 -1
1879 ENST00000442860 1 93262186 93346025 -1
1880 ENST00000414430 1 93262186 93346025 -1
1881 ENST00000429859 1 93262186 93346025 -1
1882 ENST00000427669 1 93262186 93346025 -1
1883 ENST00000424517 1 93262186 93346025 -1
1884 ENST00000450843 1 93262186 93346025 -1
1885 ENST00000440778 1 93262186 93346025 -1
1886 ENST00000421202 1 93262186 93346025 -1
1887 ENST00000436200 1 93262186 93346025 -1
1888 ENST00000432741 1 93262186 93346025 -1
1889 ENST00000411670 1 93262186 93346025 -1
1890 ENST00000661111 1 93262186 93346025 -1
1891 ENST00000438777 1 93262186 93346025 -1
1892 ENST00000449305 1 93262186 93346025 -1
1893 ENST00000457387 1 93262186 93346025 -1
1894 ENST00000452347 1 93262186 93346025 -1
1895 ENST00000668257 1 93262186 93346025 -1
1896 ENST00000445076 1 93262186 93346025 -1
1897 ENST00000653362 1 93262186 93346025 -1
1898 ENST00000659026 1 93262186 93346025 -1
1899 ENST00000657560 1 93262186 93346025 -1
1900 ENST00000669506 1 93262186 93346025 -1
1901 ENST00000670231 1 93262186 93346025 -1
1902 ENST00000655606 1 93262186 93346025 -1
1903 ENST00000423010 1 93278961 93279129 -1
1904 ENST00000370272 1 93345907 93369493 1
1905 ENST00000370267 1 93345907 93369493 1
1906 ENST00000481583 1 93345907 93369493 1
1907 ENST00000452808 1 93384487 93384998 -1
1908 ENST00000384649 1 93385711 93385817 1
1909 ENST00000260506 1 93448118 93554661 1
1910 ENST00000271234 1 93448118 93554661 1
1911 ENST00000370253 1 93448118 93554661 1
1912 ENST00000424449 1 93448118 93554661 1
1913 ENST00000603526 1 93448118 93554661 1
1914 ENST00000391299 1 93488333 93488452 -1
1915 ENST00000370247 1 93561741 93847150 -1
1916 ENST00000260502 1 93561741 93847150 -1
1917 ENST00000370244 1 93561741 93847150 -1
1918 ENST00000370243 1 93561741 93847150 -1
1919 ENST00000538653 1 93561741 93847150 -1
1920 ENST00000466632 1 93561741 93847150 -1
1921 ENST00000490377 1 93561741 93847150 -1
1922 ENST00000479503 1 93561741 93847150 -1
1923 ENST00000469315 1 93561741 93847150 -1
1924 ENST00000433544 1 93561741 93847150 -1
1925 ENST00000649852 1 93561741 93847150 -1
1926 ENST00000539242 1 93561741 93847150 -1
1927 ENST00000431770 1 93592199 93605573 1
1928 ENST00000427243 1 93592199 93605573 1
1929 ENST00000417401 1 93592199 93605573 1
1930 ENST00000412628 1 93592199 93605573 1
1931 ENST00000446684 1 93592199 93605573 1
1932 ENST00000390220 1 93846832 93846911 1
1933 ENST00000565336 1 93847174 93848939 1
1934 ENST00000436063 1 93866284 93879918 -1
1935 ENST00000462746 1 93866284 93879918 -1
1936 ENST00000496535 1 93866284 93879918 -1
1937 ENST00000359208 1 93866284 93879918 -1
1938 ENST00000460191 1 93866284 93879918 -1
1939 ENST00000496672 1 93866284 93879918 -1
1940 ENST00000528680 1 93866284 93879918 -1
1941 ENST00000370238 1 93885199 93909456 -1
1942 ENST00000467772 1 93885199 93909456 -1
1943 ENST00000462183 1 93885199 93909456 -1
1944 ENST00000615724 1 93885199 93909456 -1
1945 ENST00000421414 1 93921268 93921667 -1
1946 ENST00000417020 1 93922574 93923945 -1
1947 ENST00000433774 1 93924386 93924716 -1
1948 ENST00000430791 1 93924743 93925385 -1
1949 ENST00000438531 1 93925406 93926072 -1
1950 ENST00000513571 1 93926032 93926188 -1
1951 ENST00000419780 1 93926615 93927569 -1
1952 ENST00000416634 1 93927714 93928302 -1
1953 ENST00000438864 1 93934479 93935244 -1
1954 ENST00000370225 1 93992834 94121148 -1
1955 ENST00000465352 1 93992834 94121148 -1
1956 ENST00000484388 1 93992834 94121148 -1
1957 ENST00000470771 1 93992834 94121148 -1
1958 ENST00000460514 1 93992834 94121148 -1
1959 ENST00000649773 1 93992834 94121148 -1
1960 ENST00000472033 1 93992834 94121148 -1
1961 ENST00000536513 1 93992834 94121148 -1
1962 ENST00000439455 1 94145111 94145619 1
1963 ENST00000546444 1 94148988 94275068 -1
1964 ENST00000552844 1 94148988 94275068 -1
1965 ENST00000260526 1 94148988 94275068 -1
1966 ENST00000482481 1 94148988 94275068 -1
1967 ENST00000370217 1 94148988 94275068 -1
1968 ENST00000577855 1 94150738 94151080 1
1969 ENST00000660441 1 94247819 94411036 1
1970 ENST00000418242 1 94247819 94411036 1
1971 ENST00000654754 1 94247819 94411036 1
1972 ENST00000657152 1 94247819 94411036 1
1973 ENST00000662164 1 94247819 94411036 1
1974 ENST00000413103 1 94247819 94411036 1
1975 ENST00000666276 1 94247819 94411036 1
1976 ENST00000656153 1 94247819 94411036 1
1977 ENST00000665417 1 94247819 94411036 1
1978 ENST00000660527 1 94247819 94411036 1
1979 ENST00000654057 1 94247819 94411036 1
1980 ENST00000429913 1 94302038 94303022 1
1981 ENST00000414039 1 94318479 94324569 -1
1982 ENST00000442943 1 94406395 94406882 -1
1983 ENST00000659885 1 94417743 94418228 -1
1984 ENST00000370214 1 94418389 94518666 1
1985 ENST00000647998 1 94418389 94518666 1
1986 ENST00000315713 1 94418389 94518666 1
1987 ENST00000468860 1 94418389 94518666 1
1988 ENST00000493416 1 94418389 94518666 1
1989 ENST00000484213 1 94418389 94518666 1
1990 ENST00000464165 1 94418389 94518666 1
1991 ENST00000334047 1 94529173 94541759 -1
1992 ENST00000370207 1 94529173 94541759 -1
1993 ENST00000478217 1 94529173 94541759 -1
1994 ENST00000480356 1 94529173 94541759 -1
1995 ENST00000413541 1 94585556 94592297 -1
1996 ENST00000634870 1 94613814 94855426 -1
1997 ENST00000635440 1 94613814 94855426 -1
1998 ENST00000635184 1 94613814 94855426 -1
1999 ENST00000635408 1 94613814 94855426 -1
2000 ENST00000634937 1 94613814 94855426 -1
2001 ENST00000634339 1 94613814 94855426 -1
2002 ENST00000435559 1 94613814 94855426 -1
2003 ENST00000442418 1 94613814 94855426 -1
2004 ENST00000452922 1 94613814 94855426 -1
2005 ENST00000456551 1 94613814 94855426 -1
2006 ENST00000432162 1 94613814 94855426 -1
2007 ENST00000424505 1 94613814 94855426 -1
2008 ENST00000421997 1 94613814 94855426 -1
2009 ENST00000414374 1 94613814 94855426 -1
2010 ENST00000418366 1 94613814 94855426 -1
2011 ENST00000634861 1 94613814 94855426 -1
2012 ENST00000424711 1 94613814 94855426 -1
2013 ENST00000422162 1 94613814 94855426 -1
2014 ENST00000532087 1 94613814 94855426 -1
2015 ENST00000433311 1 94650544 94651378 -1
2016 ENST00000579876 1 94745860 94745900 -1
2017 ENST00000446120 1 94820342 94895246 1
2018 ENST00000271227 1 94820342 94895246 1
2019 ENST00000527077 1 94820342 94895246 1
2020 ENST00000529450 1 94820342 94895246 1
2021 ENST00000467909 1 94820342 94895246 1
2022 ENST00000422520 1 94820342 94895246 1
2023 ENST00000532427 1 94820342 94895246 1
2024 ENST00000475883 1 94820342 94895246 1
2025 ENST00000530397 1 94820342 94895246 1
2026 ENST00000532670 1 94820342 94895246 1
2027 ENST00000370206 1 94896949 94927223 -1
2028 ENST00000461018 1 94896949 94927223 -1
2029 ENST00000487539 1 94896949 94927223 -1
2030 ENST00000415017 1 94896949 94927223 -1
2031 ENST00000474409 1 94896949 94927223 -1
2032 ENST00000545882 1 94896949 94927223 -1
2033 ENST00000394202 1 94896949 94927223 -1
2034 ENST00000452846 1 94927361 94963616 1
2035 ENST00000438509 1 94927361 94963616 1
2036 ENST00000659935 1 94927361 94963616 1
2037 ENST00000659966 1 94927361 94963616 1
2038 ENST00000664672 1 94927361 94963616 1
2039 ENST00000666627 1 94927361 94963616 1
2040 ENST00000657603 1 94927361 94963616 1
2041 ENST00000664573 1 94927361 94963616 1
2042 ENST00000456582 1 94927361 94963616 1
2043 ENST00000370205 1 94974405 95072951 -1
2044 ENST00000507727 1 94974405 95072951 -1
2045 ENST00000495856 1 94974405 95072951 -1
2046 ENST00000451611 1 95061596 95067545 1
2047 ENST00000370203 1 95117355 95197607 1
2048 ENST00000456991 1 95117355 95197607 1
2049 ENST00000455656 1 95117355 95197607 1
2050 ENST00000463375 1 95117355 95197607 1
2051 ENST00000604534 1 95117923 95247225 1
2052 ENST00000604203 1 95117923 95247225 1
2053 ENST00000434207 1 95120147 95138554 1
2054 ENST00000383952 1 95125511 95125609 -1
2055 ENST00000421762 1 95161676 95233982 -1
2056 ENST00000419846 1 95161676 95233982 -1
2057 ENST00000663020 1 95161676 95233982 -1
2058 ENST00000370202 1 95234210 95247225 1
2059 ENST00000263893 1 95234210 95247225 1
2060 ENST00000492639 1 95234210 95247225 1
2061 ENST00000495272 1 95234210 95247225 1
2062 ENST00000497058 1 95234210 95247225 1
2063 ENST00000473397 1 95234210 95247225 1
2064 ENST00000460571 1 95234210 95247225 1
2065 ENST00000624604 1 95243167 95278940 -1
2066 ENST00000444665 1 95243167 95278940 -1
2067 ENST00000630835 1 95243167 95278940 -1
2068 ENST00000598739 1 95243167 95278940 -1
2069 ENST00000624135 1 95243167 95278940 -1
2070 ENST00000623609 1 95243167 95278940 -1
2071 ENST00000661535 1 95282233 95287702 1
2072 ENST00000423410 1 95310928 95318263 -1
2073 ENST00000438093 1 95351251 95352676 -1
2074 ENST00000650223 1 95351251 95352676 -1
2075 ENST00000664351 1 95351251 95352676 -1
2076 ENST00000426881 1 95356229 95381000 -1
2077 ENST00000427695 1 95356229 95381000 -1
2078 ENST00000424943 1 95474737 95479356 1
2079 ENST00000440116 1 95510059 95782342 1
2080 ENST00000456933 1 95510059 95782342 1
2081 ENST00000411798 1 95510059 95782342 1
2082 ENST00000669804 1 95510059 95782342 1
2083 ENST00000654040 1 95510059 95782342 1
2084 ENST00000653589 1 95510059 95782342 1
2085 ENST00000656764 1 95510059 95782342 1
2086 ENST00000664740 1 95510059 95782342 1
2087 ENST00000664663 1 95510059 95782342 1
2088 ENST00000667517 1 95510059 95782342 1
2089 ENST00000665349 1 95510059 95782342 1
2090 ENST00000655217 1 95510059 95782342 1
2091 ENST00000603401 1 95743096 95759470 1
2092 ENST00000442558 1 95937901 96022890 1
2093 ENST00000593954 1 95937901 96022890 1
2094 ENST00000634962 1 95937901 96022890 1
2095 ENST00000413825 1 95937901 96022890 1
2096 ENST00000609411 1 95937901 96022890 1
2097 ENST00000624750 1 95937901 96022890 1
2098 ENST00000595613 1 95937901 96022890 1
2099 ENST00000623830 1 95937901 96022890 1
2100 ENST00000625774 1 95937901 96022890 1
2101 ENST00000627733 1 95937901 96022890 1
2102 ENST00000595188 1 95937901 96022890 1
2103 ENST00000451675 1 95937901 96022890 1
2104 ENST00000623085 1 95937901 96022890 1
2105 ENST00000623349 1 95937901 96022890 1
2106 ENST00000598129 1 95937901 96022890 1
2107 ENST00000598612 1 95937901 96022890 1
2108 ENST00000668462 1 95937901 96022890 1
2109 ENST00000631091 1 95937901 96022890 1
2110 ENST00000660327 1 95937901 96022890 1
2111 ENST00000412513 1 95937901 96022890 1
2112 ENST00000662075 1 95937901 96022890 1
2113 ENST00000671269 1 95937901 96022890 1
2114 ENST00000655418 1 95937901 96022890 1
2115 ENST00000659691 1 95937901 96022890 1
2116 ENST00000667522 1 95937901 96022890 1
2117 ENST00000654486 1 95937901 96022890 1
2118 ENST00000363930 1 96225901 96226060 1
2119 ENST00000435311 1 96254069 96374125 -1
2120 ENST00000439625 1 96390652 96391393 1
2121 ENST00000362030 1 96418594 96418933 1
2122 ENST00000415278 1 96446930 96448318 1
2123 ENST00000460344 1 96583209 96583527 1
2124 ENST00000484004 1 96584422 96584727 -1
2125 ENST00000468715 1 96678874 96679620 -1
2126 ENST00000411297 1 96695856 96696167 -1
2127 ENST00000482253 1 96721665 96823738 1
2128 ENST00000675735 1 96721665 96823738 1
2129 ENST00000609116 1 96721665 96823738 1
2130 ENST00000675080 1 96721665 96823738 1
2131 ENST00000426398 1 96721665 96823738 1
2132 ENST00000460706 1 96721665 96823738 1
2133 ENST00000370197 1 96721665 96823738 1
2134 ENST00000370198 1 96721665 96823738 1
2135 ENST00000476419 1 96721665 96823738 1
2136 ENST00000674951 1 96721665 96823738 1
2137 ENST00000676292 1 96721665 96823738 1
2138 ENST00000676096 1 96721665 96823738 1
2139 ENST00000675365 1 96721665 96823738 1
2140 ENST00000674579 1 96721665 96823738 1
2141 ENST00000675401 1 96721665 96823738 1
2142 ENST00000459735 1 96721665 96823738 1
2143 ENST00000476783 1 96721665 96823738 1
2144 ENST00000492905 1 96721665 96823738 1
2145 ENST00000462433 1 96721665 96823738 1
2146 ENST00000370192 1 97077743 97995000 -1
2147 ENST00000474241 1 97077743 97995000 -1
2148 ENST00000306031 1 97077743 97995000 -1
2149 ENST00000460019 1 97077743 97995000 -1
2150 ENST00000646851 1 97077743 97995000 -1
2151 ENST00000422980 1 97095923 97322955 1
2152 ENST00000629811 1 97095923 97322955 1
2153 ENST00000630798 1 97095923 97322955 1
2154 ENST00000424982 1 97394154 97420141 -1
2155 ENST00000425785 1 97545701 97546958 1
2156 ENST00000457466 1 97585862 97586294 1
2157 ENST00000441166 1 97774669 97775026 1
2158 ENST00000431362 1 97796921 97798066 1
2159 ENST00000422259 1 97796921 97798066 1
2160 ENST00000604863 1 97855575 97856825 1
2161 ENST00000602672 1 97933474 98049863 -1
2162 ENST00000634594 1 97933474 98049863 -1
2163 ENST00000424528 1 97933474 98049863 -1
2164 ENST00000413670 1 97933474 98049863 -1
2165 ENST00000602852 1 97933474 98049863 -1
2166 ENST00000602984 1 97933474 98049863 -1
2167 ENST00000659427 1 97933474 98049863 -1
2168 ENST00000667128 1 97933474 98049863 -1
2169 ENST00000561881 1 97967005 97968814 -1
2170 ENST00000580305 1 98045242 98045351 -1
2171 ENST00000385223 1 98046070 98046171 -1
2172 ENST00000648602 1 98052077 98054592 -1
2173 ENST00000448700 1 98077000 98077468 1
2174 ENST00000418344 1 98210747 98272658 1
2175 ENST00000623685 1 98660388 98661059 -1
2176 ENST00000529992 1 98661701 98760500 1
2177 ENST00000306121 1 98661701 98760500 1
2178 ENST00000473868 1 98661701 98760500 1
2179 ENST00000528824 1 98661701 98760500 1
2180 ENST00000454199 1 98661701 98760500 1
2181 ENST00000263177 1 98890245 99005032 -1
2182 ENST00000672681 1 98890245 99005032 -1
2183 ENST00000370188 1 98890245 99005032 -1
2184 ENST00000534652 1 98890245 99005032 -1
2185 ENST00000425113 1 99004276 99244794 1
2186 ENST00000647692 1 99004276 99244794 1
2187 ENST00000660510 1 99004276 99244794 1
2188 ENST00000658279 1 99004276 99244794 1
2189 ENST00000662973 1 99004276 99244794 1
2190 ENST00000457507 1 99008218 99008474 1
2191 ENST00000370185 1 99264292 99309590 1
2192 ENST00000457765 1 99264292 99309590 1
2193 ENST00000370184 1 99264292 99309590 1
2194 ENST00000432923 1 99464378 99464776 1
2195 ENST00000634316 1 99472332 99600995 -1
2196 ENST00000635551 1 99472332 99600995 -1
2197 ENST00000438829 1 99472332 99600995 -1
2198 ENST00000263174 1 99646113 99694541 1
2199 ENST00000605497 1 99646113 99694541 1
2200 ENST00000605613 1 99646113 99694541 1
2201 ENST00000496843 1 99646113 99694541 1
2202 ENST00000615664 1 99646113 99694541 1
2203 ENST00000434734 1 99698242 99699178 1
2204 ENST00000646001 1 99703970 99766635 -1
2205 ENST00000287474 1 99703970 99766635 -1
2206 ENST00000489209 1 99703970 99766635 -1
2207 ENST00000492943 1 99703970 99766635 -1
2208 ENST00000370176 1 99703970 99766635 -1
2209 ENST00000364621 1 99784740 99784885 -1
2210 ENST00000365384 1 99791662 99791753 1
2211 ENST00000412047 1 99842610 99842761 1
2212 ENST00000361915 1 99850361 99924023 1
2213 ENST00000370165 1 99850361 99924023 1
2214 ENST00000370163 1 99850361 99924023 1
2215 ENST00000294724 1 99850361 99924023 1
2216 ENST00000361302 1 99850361 99924023 1
2217 ENST00000637337 1 99850361 99924023 1
2218 ENST00000477753 1 99850361 99924023 1
2219 ENST00000370161 1 99850361 99924023 1
2220 ENST00000454219 1 99968383 99969864 -1
2221 ENST00000638371 1 99969351 100035634 1
2222 ENST00000533028 1 99969351 100035634 1
2223 ENST00000427993 1 99969351 100035634 1
2224 ENST00000639221 1 99969351 100035634 1
2225 ENST00000638336 1 99969351 100035634 1
2226 ENST00000639807 1 99969351 100035634 1
2227 ENST00000640715 1 99969351 100035634 1
2228 ENST00000465289 1 99969351 100035634 1
2229 ENST00000640726 1 99969351 100035634 1
2230 ENST00000639994 1 99969351 100035634 1
2231 ENST00000638988 1 99969351 100035634 1
2232 ENST00000640178 1 99969351 100035634 1
2233 ENST00000640360 1 99969351 100035634 1
2234 ENST00000640732 1 99969351 100035634 1
2235 ENST00000638929 1 99969351 100035634 1
2236 ENST00000640600 1 99969351 100035634 1
2237 ENST00000639088 1 99969351 100035634 1
2238 ENST00000638338 1 99969351 100035634 1
2239 ENST00000638876 1 99969351 100035634 1
2240 ENST00000370155 1 99969351 100035634 1
2241 ENST00000370153 1 99969351 100035634 1
2242 ENST00000532693 1 99969351 100035634 1
2243 ENST00000422078 1 99969351 100035634 1
2244 ENST00000639148 1 99969351 100035634 1
2245 ENST00000638968 1 99970011 100083321 1
2246 ENST00000638792 1 99970011 100083321 1
2247 ENST00000639037 1 99970011 100083321 1
2248 ENST00000639040 1 99970011 100083321 1
2249 ENST00000638779 1 99970011 100083321 1
2250 ENST00000639171 1 99970011 100083321 1
2251 ENST00000640238 1 99970011 100083321 1
2252 ENST00000640357 1 99970011 100083321 1
2253 ENST00000390946 1 99978939 99979045 1
